7568,100,1.0,100,100,100,
15314,100,4.0,100,100,100,
5126,100,3.0,100,100,100,
15212,100,3.0,100,100,100,
7795,100,3.0,100,100,100,
15012,100,2.0,100,100,100,
4582,100,4.0,100,100,100,
15267,100,3.0,100,100,100,
7889,100,4.0,100,100,100,
14974,100,3.0,100,100,100,
4926,100,5.0,100,100,100,
15463,100,4.0,100,100,100,
8152,100,3.0,100,100,100,
15591,100,3.0,100,100,100,
5198,100,1.0,100,100,100,
15265,100,3.0,100,100,100,
7567,100,3.0,100,100,100,
15144,100,3.0,100,100,100,
4952,100,3.0,100,100,100,
15113,100,3.0,100,100,100,
8010,100,5.0,100,100,100,
15365,100,3.0,100,100,100,
4756,100,3.0,100,100,100,
15487,100,3.0,100,100,100,
8048,100,2.0,100,100,100,
15000,100,1.0,100,100,100,
4701,100,3.0,100,100,100,
15704,100,3.0,100,100,100,
8090,100,3.0,100,100,100,
15686,100,3.5,100,100,100,
4614,100,3.0,100,100,100,
15165,100,3.0,100,100,100,
7846,100,2.0,100,100,100,
15531,100,3.0,100,100,100,
4914,100,3.0,100,100,100,
15512,100,3.0,100,100,100,
7612,100,2.5,100,100,100,
15732,100,3.0,100,100,100,
5102,100,3.0,100,100,100,
15439,100,3.0,100,100,100,
8169,100,4.0,100,100,100,
15501,100,3.0,100,100,100,
5146,100,4.0,100,100,100,
19150,100,4.0,100,100,100,
7799,100,3.0,100,100,100,
18731,100,3.0,100,100,100,
5167,100,4.0,100,100,100,
18882,100,3.0,100,100,100,
7774,100,3.5,100,100,100,
19189,100,3.0,100,100,100,
5192,100,3.0,100,100,100,
19476,100,3.0,100,100,100,
7989,100,3.0,100,100,100,
18891,100,2.0,100,100,100,
4542,100,2.0,100,100,100,
18802,100,5.0,100,100,100,
7862,100,3.0,100,100,100,
19002,100,4.0,100,100,100,
4495,100,5.0,100,100,100,
18751,100,4.0,100,100,100,
7711,100,3.0,100,100,100,
19154,100,3.0,100,100,100,
5169,100,4.0,100,100,100,
18942,100,1.0,100,100,100,
7760,100,3.0,100,100,100,
19280,100,3.0,100,100,100,
4826,100,3.0,100,100,100,
19206,100,4.0,100,100,100,
7638,100,3.0,100,100,100,
19100,100,4.0,100,100,100,
4989,100,2.0,100,100,100,
19027,100,4.0,100,100,100,
7621,100,4.0,100,100,100,
19362,100,3.0,100,100,100,
5121,100,4.0,100,100,100,
19283,100,3.0,100,100,100,
8011,100,4.0,100,100,100,
19379,100,3.0,100,100,100,
5011,100,1.0,100,100,100,
19202,100,3.0,100,100,100,
8150,100,3.0,100,100,100,
18952,100,4.0,100,100,100,
4695,100,3.0,100,100,100,
18987,100,2.0,100,100,100,
7856,100,3.0,100,100,100,
19003,100,3.0,100,100,100,
5153,100,4.0,100,100,100,
18789,100,4.0,100,100,100,
8045,100,4.0,100,100,100,
19245,100,3.0,100,100,100,
5206,100,3.0,100,100,100,
18870,100,3.0,100,100,100,
7809,100,3.0,100,100,100,
18825,100,1.0,100,100,100,
4569,100,2.0,100,100,100,
19406,100,4.0,100,100,100,
7673,100,2.0,100,100,100,
19412,100,4.0,100,100,100,
4831,100,4.0,100,100,100,
19349,100,2.0,100,100,100,
8000,100,3.0,100,100,100,
18739,100,3.0,100,100,100,
4745,100,3.0,100,100,100,
16227,100,3.0,100,100,100,
7657,100,2.0,100,100,100,
16013,100,3.5,100,100,100,
4684,100,4.0,100,100,100,
15805,100,3.0,100,100,100,
7945,100,3.0,100,100,100,
16263,100,4.0,100,100,100,
4556,100,4.0,100,100,100,
16392,100,3.0,100,100,100,
7954,100,2.0,100,100,100,
15801,100,3.0,100,100,100,
5005,100,3.0,100,100,100,
16110,100,3.0,100,100,100,
7734,100,3.0,100,100,100,
16189,100,3.0,100,100,100,
5103,100,3.0,100,100,100,
16177,100,3.0,100,100,100,
7707,100,3.0,100,100,100,
16196,100,3.0,100,100,100,
4512,100,3.0,100,100,100,
16383,100,4.0,100,100,100,
8031,100,3.0,100,100,100,
15831,100,3.0,100,100,100,
4577,100,4.0,100,100,100,
15788,100,2.0,100,100,100,
8226,100,3.0,100,100,100,
15775,100,4.0,100,100,100,
4975,100,4.0,100,100,100,
15790,100,5.0,100,100,100,
8072,100,3.0,100,100,100,
16292,100,3.0,100,100,100,
5068,100,4.0,100,100,100,
16197,100,3.0,100,100,100,
19745,100,1.0,100,100,100,
16355,100,3.0,100,100,100,
5168,100,2.0,100,100,100,
16150,100,3.0,100,100,100,
19594,100,4.0,100,100,100,
16285,100,3.0,100,100,100,
4568,100,3.0,100,100,100,
16075,100,3.0,100,100,100,
20087,100,2.0,100,100,100,
16050,100,3.0,100,100,100,
4609,100,1.0,100,100,100,
16067,100,3.0,100,100,100,
19982,100,3.5,100,100,100,
16051,100,2.0,100,100,100,
5044,100,4.0,100,100,100,
16267,100,5.0,100,100,100,
19999,100,3.5,100,100,100,
15968,100,3.0,100,100,100,
4393,100,3.0,100,100,100,
15993,100,4.0,100,100,100,
19525,100,3.0,100,100,100,
16445,100,4.0,100,100,100,
3880,100,4.0,100,100,100,
16105,100,2.0,100,100,100,
19805,100,3.0,100,100,100,
18663,100,4.0,100,100,100,
4229,100,2.0,100,100,100,
18375,100,4.0,100,100,100,
19984,100,5.0,100,100,100,
18300,100,3.0,100,100,100,
3896,100,3.0,100,100,100,
18107,100,4.0,100,100,100,
20119,100,5.0,100,100,100,
18018,100,3.0,100,100,100,
4315,100,3.0,100,100,100,
18156,100,3.0,100,100,100,
19912,100,3.0,100,100,100,
17995,100,5.0,100,100,100,
4043,100,1.0,100,100,100,
18305,100,3.0,100,100,100,
19947,100,3.0,100,100,100,
18221,100,4.0,100,100,100,
3870,100,3.0,100,100,100,
18158,100,3.0,100,100,100,
20047,100,2.0,100,100,100,
18416,100,3.0,100,100,100,
4256,100,4.0,100,100,100,
18648,100,5.0,100,100,100,
19560,100,3.0,100,100,100,
17990,100,2.0,100,100,100,
4251,100,4.0,100,100,100,
18635,100,3.0,100,100,100,
20093,100,4.0,100,100,100,
18254,100,4.0,100,100,100,
3657,100,4.0,100,100,100,
18512,100,2.0,100,100,100,
19764,100,3.0,100,100,100,
18101,100,4.0,100,100,100,
4032,100,3.0,100,100,100,
18323,100,5.0,100,100,100,
19678,100,3.0,100,100,100,
18176,100,4.0,100,100,100,
3773,100,5.0,100,100,100,
18518,100,3.0,100,100,100,
19635,100,4.0,100,100,100,
18055,100,3.0,100,100,100,
4062,100,4.0,100,100,100,
18198,100,4.0,100,100,100,
19942,100,2.0,100,100,100,
14455,100,4.0,100,100,100,
3798,100,4.0,100,100,100,
14314,100,1.0,100,100,100,
19592,100,4.0,100,100,100,
14851,100,4.0,100,100,100,
4436,100,3.0,100,100,100,
14380,100,4.0,100,100,100,
19673,100,3.0,100,100,100,
14414,100,3.0,100,100,100,
3782,100,3.0,100,100,100,
14865,100,3.0,100,100,100,
19503,100,4.0,100,100,100,
14580,100,3.0,100,100,100,
4350,100,4.0,100,100,100,
14344,100,3.0,100,100,100,
19985,100,2.0,100,100,100,
14427,100,2.0,100,100,100,
4429,100,5.0,100,100,100,
14675,100,3.0,100,100,100,
19772,100,4.0,100,100,100,
14808,100,4.0,100,100,100,
4380,100,4.0,100,100,100,
14325,100,3.0,100,100,100,
19680,100,4.0,100,100,100,
14653,100,4.0,100,100,100,
3905,100,3.0,100,100,100,
14892,100,3.0,100,100,100,
19995,100,4.0,100,100,100,
14789,100,3.0,100,100,100,
4399,100,3.0,100,100,100,
14402,100,3.0,100,100,100,
19802,100,3.0,100,100,100,
14667,100,4.0,100,100,100,
3737,100,3.0,100,100,100,
14463,100,3.0,100,100,100,
19859,100,4.0,100,100,100,
14750,100,4.0,100,100,100,
4337,100,3.0,100,100,100,
14539,100,3.0,100,100,100,
20043,100,4.0,100,100,100,
14350,100,2.0,100,100,100,
4262,100,3.0,100,100,100,
14724,100,4.0,100,100,100,
19574,100,2.0,100,100,100,
14562,100,3.0,100,100,100,
4027,100,4.0,100,100,100,
22204,100,3.0,100,100,100,
13169,100,4.0,100,100,100,
22096,100,3.0,100,100,100,
3687,100,1.0,100,100,100,
22547,100,5.0,100,100,100,
13328,100,4.0,100,100,100,
22589,100,4.0,100,100,100,
4116,100,4.0,100,100,100,
22068,100,4.0,100,100,100,
13367,100,3.0,100,100,100,
21896,100,3.0,100,100,100,
3936,100,5.0,100,100,100,
22440,100,3.0,100,100,100,
13095,100,3.0,100,100,100,
21955,100,2.5,100,100,100,
4212,100,4.0,100,100,100,
22017,100,4.0,100,100,100,
13058,100,4.0,100,100,100,
21944,100,4.0,100,100,100,
4227,100,4.0,100,100,100,
22341,100,3.0,100,100,100,
13383,100,3.0,100,100,100,
22351,100,3.0,100,100,100,
3941,100,4.0,100,100,100,
22517,100,4.0,100,100,100,
12885,100,4.0,100,100,100,
21885,100,3.0,100,100,100,
4039,100,3.0,100,100,100,
22532,100,3.0,100,100,100,
13038,100,3.0,100,100,100,
21989,100,4.0,100,100,100,
4364,100,3.5,100,100,100,
22057,100,3.0,100,100,100,
12930,100,3.0,100,100,100,
21824,100,3.0,100,100,100,
6217,100,4.0,100,100,100,
22006,100,4.0,100,100,100,
13122,100,3.0,100,100,100,
22121,100,3.0,100,100,100,
6026,100,4.0,100,100,100,
22546,100,4.0,100,100,100,
13310,100,2.0,100,100,100,
21963,100,4.0,100,100,100,
6398,100,3.0,100,100,100,
22431,100,3.0,100,100,100,
13248,100,5.0,100,100,100,
22564,100,3.0,100,100,100,
6297,100,3.0,100,100,100,
22018,100,3.0,100,100,100,
12993,100,3.0,100,100,100,
22319,100,4.0,100,100,100,
6534,100,4.0,100,100,100,
22566,100,4.0,100,100,100,
12956,100,4.0,100,100,100,
22090,100,3.0,100,100,100,
6267,100,3.0,100,100,100,
22038,100,4.0,100,100,100,
12946,100,3.0,100,100,100,
21867,100,3.0,100,100,100,
6313,100,3.0,100,100,100,
21957,100,3.0,100,100,100,
13272,100,3.0,100,100,100,
22037,100,3.5,100,100,100,
6205,100,4.0,100,100,100,
21816,100,2.0,100,100,100,
13490,100,3.0,100,100,100,
21952,100,4.0,100,100,100,
6184,100,2.0,100,100,100,
22420,100,3.0,100,100,100,
12494,100,4.0,100,100,100,
21017,100,3.0,100,100,100,
6018,100,2.5,100,100,100,
20573,100,5.0,100,100,100,
12243,100,1.0,100,100,100,
20360,100,4.0,100,100,100,
6647,100,3.0,100,100,100,
20205,100,4.0,100,100,100,
12766,100,4.0,100,100,100,
20556,100,3.0,100,100,100,
6587,100,3.0,100,100,100,
20722,100,3.0,100,100,100,
12312,100,4.0,100,100,100,
20247,100,2.0,100,100,100,
6518,100,4.0,100,100,100,
20602,100,2.0,100,100,100,
12392,100,2.0,100,100,100,
20387,100,2.0,100,100,100,
6254,100,3.0,100,100,100,
20416,100,3.0,100,100,100,
12576,100,2.0,100,100,100,
20887,100,3.0,100,100,100,
6500,100,3.0,100,100,100,
20287,100,2.0,100,100,100,
12738,100,5.0,100,100,100,
20225,100,2.0,100,100,100,
6682,100,3.0,100,100,100,
20948,100,4.0,100,100,100,
12706,100,3.0,100,100,100,
20561,100,1.0,100,100,100,
6200,100,3.0,100,100,100,
20702,100,3.0,100,100,100,
12230,100,4.0,100,100,100,
20496,100,3.0,100,100,100,
6174,100,3.0,100,100,100,
20912,100,3.0,100,100,100,
12109,100,4.0,100,100,100,
20849,100,3.0,100,100,100,
6167,100,5.0,100,100,100,
20992,100,4.0,100,100,100,
12116,100,3.0,100,100,100,
20480,100,3.0,100,100,100,
6266,100,3.0,100,100,100,
20404,100,3.0,100,100,100,
12146,100,4.0,100,100,100,
20451,100,3.0,100,100,100,
6481,100,3.5,100,100,100,
20330,100,3.0,100,100,100,
12477,100,5.0,100,100,100,
20756,100,1.0,100,100,100,
6446,100,3.0,100,100,100,
20323,100,4.0,100,100,100,
12175,100,3.0,100,100,100,
20410,100,4.0,100,100,100,
6066,100,3.0,100,100,100,
20816,100,3.0,100,100,100,
12278,100,4.0,100,100,100,
14128,100,4.0,100,100,100,
6381,100,3.0,100,100,100,
14076,100,3.0,100,100,100,
12422,100,3.0,100,100,100,
13749,100,4.0,100,100,100,
6542,100,3.0,100,100,100,
14207,100,3.0,100,100,100,
12351,100,3.0,100,100,100,
14172,100,4.0,100,100,100,
6273,100,4.0,100,100,100,
13966,100,3.0,100,100,100,
12755,100,3.0,100,100,100,
13972,100,4.0,100,100,100,
6386,100,3.0,100,100,100,
13929,100,4.0,100,100,100,
12194,100,3.0,100,100,100,
13971,100,3.0,100,100,100,
6586,100,5.0,100,100,100,
13705,100,4.0,100,100,100,
12490,100,3.0,100,100,100,
14101,100,4.0,100,100,100,
6560,100,4.0,100,100,100,
13709,100,3.0,100,100,100,
12362,100,4.0,100,100,100,
13681,100,3.0,100,100,100,
6255,100,3.0,100,100,100,
13714,100,3.0,100,100,100,
12452,100,3.0,100,100,100,
13533,100,4.0,100,100,100,
6161,100,3.0,100,100,100,
14094,100,3.0,100,100,100,
12188,100,3.0,100,100,100,
13965,100,4.0,100,100,100,
6566,100,3.0,100,100,100,
13610,100,4.0,100,100,100,
12257,100,3.0,100,100,100,
13594,100,3.0,100,100,100,
6019,100,3.0,100,100,100,
13585,100,3.0,100,100,100,
12668,100,1.0,100,100,100,
14189,100,3.0,100,100,100,
6488,100,4.0,100,100,100,
13623,100,3.0,100,100,100,
12639,100,1.0,100,100,100,
13767,100,3.0,100,100,100,
6626,100,4.0,100,100,100,
13882,100,4.0,100,100,100,
12190,100,3.0,100,100,100,
14080,100,5.0,100,100,100,
5973,100,3.0,100,100,100,
13912,100,3.0,100,100,100,
12493,100,3.0,100,100,100,
13800,100,3.0,100,100,100,
6015,100,3.0,100,100,100,
13836,100,4.0,100,100,100,
12204,100,3.0,100,100,100,
13976,100,3.0,100,100,100,
6428,100,3.0,100,100,100,
13872,100,4.0,100,100,100,
12048,100,3.0,100,100,100,
14005,100,3.0,100,100,100,
6349,100,4.0,100,100,100,
13878,100,3.0,100,100,100,
12125,100,4.0,100,100,100,
17804,100,3.0,100,100,100,
6612,100,4.0,100,100,100,
17722,100,3.0,100,100,100,
12183,100,5.0,100,100,100,
17235,100,3.0,100,100,100,
6583,100,2.0,100,100,100,
17418,100,3.0,100,100,100,
12654,100,4.0,100,100,100,
17417,100,2.0,100,100,100,
6499,100,3.0,100,100,100,
17290,100,2.0,100,100,100,
12676,100,4.0,100,100,100,
17684,100,3.0,100,100,100,
8718,100,4.0,100,100,100,
17492,100,3.0,100,100,100,
3012,100,3.0,100,100,100,
17897,100,3.0,100,100,100,
8255,100,3.0,100,100,100,
17954,100,4.0,100,100,100,
3172,100,3.0,100,100,100,
17837,100,3.0,100,100,100,
8300,100,3.0,100,100,100,
17727,100,3.0,100,100,100,
3059,100,3.0,100,100,100,
17369,100,3.0,100,100,100,
8382,100,4.0,100,100,100,
17752,100,3.0,100,100,100,
3030,100,3.0,100,100,100,
17438,100,3.0,100,100,100,
8805,100,3.0,100,100,100,
17803,100,2.0,100,100,100,
3301,100,3.0,100,100,100,
17419,100,3.0,100,100,100,
8323,100,2.0,100,100,100,
17280,100,3.0,100,100,100,
3443,100,4.0,100,100,100,
17348,100,3.0,100,100,100,
8729,100,1.0,100,100,100,
17553,100,3.0,100,100,100,
3052,100,3.0,100,100,100,
17378,100,3.0,100,100,100,
8634,100,4.0,100,100,100,
17414,100,5.0,100,100,100,
3225,100,5.0,100,100,100,
17416,100,3.5,100,100,100,
8377,100,4.0,100,100,100,
17618,100,3.0,100,100,100,
3471,100,5.0,100,100,100,
17610,100,3.0,100,100,100,
8345,100,3.0,100,100,100,
17838,100,3.0,100,100,100,
3132,100,3.0,100,100,100,
17335,100,3.0,100,100,100,
8723,100,3.0,100,100,100,
17577,100,3.0,100,100,100,
3460,100,3.0,100,100,100,
16681,100,2.5,100,100,100,
8367,100,3.0,100,100,100,
17036,100,4.0,100,100,100,
3080,100,3.0,100,100,100,
16929,100,4.0,100,100,100,
8370,100,4.0,100,100,100,
16612,100,3.0,100,100,100,
2966,100,3.0,100,100,100,
16870,100,3.0,100,100,100,
8394,100,4.0,100,100,100,
16956,100,3.0,100,100,100,
3487,100,3.0,100,100,100,
16825,100,3.0,100,100,100,
8811,100,2.0,100,100,100,
17153,100,4.0,100,100,100,
2927,100,3.0,100,100,100,
17045,100,3.0,100,100,100,
8435,100,4.0,100,100,100,
16907,100,4.0,100,100,100,
3334,100,2.0,100,100,100,
17052,100,3.0,100,100,100,
8703,100,4.0,100,100,100,
16964,100,4.0,100,100,100,
3453,100,3.0,100,100,100,
16928,100,3.0,100,100,100,
8529,100,3.0,100,100,100,
16842,100,4.0,100,100,100,
3342,100,3.0,100,100,100,
16640,100,4.0,100,100,100,
8395,100,4.0,100,100,100,
16818,100,5.0,100,100,100,
3612,100,4.0,100,100,100,
17196,100,3.5,100,100,100,
8350,100,2.0,100,100,100,
17031,100,4.0,100,100,100,
3592,100,3.0,100,100,100,
16705,100,3.0,100,100,100,
8834,100,4.0,100,100,100,
16571,100,4.0,100,100,100,
3019,100,4.0,100,100,100,
17219,100,3.0,100,100,100,
8361,100,3.0,100,100,100,
17092,100,2.5,100,100,100,
3061,100,1.0,100,100,100,
16903,100,1.0,100,100,100,
8576,100,3.0,100,100,100,
16682,100,4.0,100,100,100,
3022,100,4.0,100,100,100,
16638,100,3.0,100,100,100,
8783,100,3.0,100,100,100,
16852,100,3.0,100,100,100,
3122,100,4.0,100,100,100,
16926,100,4.0,100,100,100,
8269,100,3.0,100,100,100,
16837,100,3.0,100,100,100,
2999,100,3.0,100,100,100,
23103,100,3.0,100,100,100,
8630,100,5.0,100,100,100,
23032,100,2.5,100,100,100,
3587,100,3.0,100,100,100,
22601,100,3.0,100,100,100,
8946,100,2.0,100,100,100,
22626,100,3.0,100,100,100,
2882,100,4.0,100,100,100,
22752,100,3.0,100,100,100,
8513,100,3.0,100,100,100,
23102,100,3.0,100,100,100,
6922,100,3.0,100,100,100,
22806,100,3.0,100,100,100,
8601,100,4.0,100,100,100,
23126,100,4.0,100,100,100,
6870,100,5.0,100,100,100,
23127,100,3.0,100,100,100,
8950,100,4.0,100,100,100,
22842,100,2.5,100,100,100,
7497,100,4.0,100,100,100,
22817,100,3.0,100,100,100,
8848,100,4.0,100,100,100,
22780,100,3.0,100,100,100,
6909,100,3.0,100,100,100,
22978,100,3.0,100,100,100,
8430,100,5.0,100,100,100,
22934,100,3.0,100,100,100,
7321,100,4.0,100,100,100,
23225,100,3.0,100,100,100,
8612,100,2.0,100,100,100,
22685,100,3.0,100,100,100,
7050,100,4.0,100,100,100,
22714,100,3.0,100,100,100,
8344,100,4.0,100,100,100,
22844,100,4.0,100,100,100,
7445,100,2.0,100,100,100,
22955,100,3.0,100,100,100,
8415,100,3.0,100,100,100,
22655,100,3.0,100,100,100,
7149,100,3.0,100,100,100,
22737,100,4.0,100,100,100,
8892,100,4.0,100,100,100,
22913,100,3.0,100,100,100,
6971,100,4.0,100,100,100,
22698,100,4.0,100,100,100,
8441,100,4.0,100,100,100,
22928,100,3.0,100,100,100,
6778,100,3.0,100,100,100,
22756,100,3.0,100,100,100,
8272,100,3.0,100,100,100,
23071,100,3.0,100,100,100,
7223,100,3.0,100,100,100,
23250,100,2.0,100,100,100,
8879,100,1.0,100,100,100,
22874,100,4.0,100,100,100,
7503,100,4.0,100,100,100,
22611,100,3.0,100,100,100,
8594,100,2.0,100,100,100,
23196,100,4.0,100,100,100,
6917,100,2.0,100,100,100,
22792,100,3.0,100,100,100,
8600,100,3.0,100,100,100,
23183,100,3.0,100,100,100,
6978,100,4.0,100,100,100,
23158,100,1.0,100,100,100,
5668,100,3.0,100,100,100,
22982,100,4.0,100,100,100,
11695,100,3.0,100,100,100,
22666,100,4.0,100,100,100,
7259,100,3.0,100,100,100,
22897,100,3.0,100,100,100,
5762,100,3.0,100,100,100,
22864,100,3.0,100,100,100,
11890,100,4.0,100,100,100,
9800,100,3.0,100,100,100,
21701,100,4.0,100,100,100,
6794,100,3.0,100,100,100,
9176,100,2.5,100,100,100,
21459,100,3.0,100,100,100,
5718,100,3.0,100,100,100,
9925,100,3.0,100,100,100,
21707,100,4.0,100,100,100,
11494,100,4.0,100,100,100,
9247,100,3.0,100,100,100,
21287,100,4.0,100,100,100,
6789,100,3.0,100,100,100,
10172,100,5.0,100,100,100,
21382,100,3.0,100,100,100,
5612,100,3.0,100,100,100,
9035,100,3.0,100,100,100,
21711,100,4.0,100,100,100,
11612,100,5.0,100,100,100,
9744,100,5.0,100,100,100,
21615,100,3.0,100,100,100,
7481,100,3.0,100,100,100,
9386,100,3.0,100,100,100,
21089,100,3.0,100,100,100,
5429,100,3.0,100,100,100,
9912,100,5.0,100,100,100,
21133,100,4.0,100,100,100,
11718,100,3.0,100,100,100,
9047,100,5.0,100,100,100,
21392,100,3.0,100,100,100,
6832,100,4.0,100,100,100,
9764,100,4.0,100,100,100,
21507,100,4.0,100,100,100,
5635,100,4.0,100,100,100,
9008,100,2.0,100,100,100,
21367,100,3.0,100,100,100,
11279,100,4.0,100,100,100,
9759,100,4.0,100,100,100,
21212,100,3.0,100,100,100,
7434,100,4.0,100,100,100,
9103,100,3.0,100,100,100,
21496,100,4.0,100,100,100,
5619,100,5.0,100,100,100,
10237,100,4.0,100,100,100,
21077,100,5.0,100,100,100,
11991,100,2.0,100,100,100,
9157,100,5.0,100,100,100,
21542,100,3.0,100,100,100,
7233,100,3.0,100,100,100,
10233,100,3.0,100,100,100,
21633,100,3.0,100,100,100,
5423,100,5.0,100,100,100,
9459,100,3.0,100,100,100,
21117,100,3.0,100,100,100,
11746,100,3.0,100,100,100,
9939,100,2.0,100,100,100,
21578,100,3.0,100,100,100,
6757,100,3.0,100,100,100,
9298,100,4.0,100,100,100,
21643,100,1.0,100,100,100,
5825,100,4.0,100,100,100,
9983,100,3.0,100,100,100,
21550,100,3.0,100,100,100,
11754,100,3.0,100,100,100,
9511,100,4.0,100,100,100,
21469,100,2.0,100,100,100,
6962,100,4.0,100,100,100,
10143,100,4.0,100,100,100,
21084,100,4.0,100,100,100,
5541,100,2.0,100,100,100,
9013,100,3.0,100,100,100,
21350,100,3.0,100,100,100,
11896,100,3.0,100,100,100,
9783,100,3.0,100,100,100,
21601,100,2.0,100,100,100,
6904,100,2.0,100,100,100,
9090,100,5.0,100,100,100,
21410,100,4.0,100,100,100,
5499,100,2.0,100,100,100,
10222,100,4.0,100,100,100,
21315,100,4.0,100,100,100,
11487,100,3.0,100,100,100,
9265,100,2.0,100,100,100,
6827,100,4.0,100,100,100,
10377,100,3.0,100,100,100,
5535,100,3.0,100,100,100,
8965,100,3.5,100,100,100,
11343,100,3.0,100,100,100,
9704,100,2.0,100,100,100,
7304,100,2.5,100,100,100,
9324,100,3.0,100,100,100,
5572,100,3.0,100,100,100,
10247,100,3.0,100,100,100,
11646,100,3.5,100,100,100,
9229,100,4.0,100,100,100,
7207,100,3.0,100,100,100,
10435,100,3.0,100,100,100,
5394,100,5.0,100,100,100,
9469,100,3.0,100,100,100,
11259,100,3.0,100,100,100,
10171,100,3.0,100,100,100,
7335,100,2.0,100,100,100,
9307,100,3.0,100,100,100,
5577,100,3.0,100,100,100,
9879,100,3.0,100,100,100,
11859,100,4.0,100,100,100,
9591,100,3.0,100,100,100,
7312,100,4.0,100,100,100,
10311,100,3.0,100,100,100,
5435,100,3.0,100,100,100,
9627,100,4.0,100,100,100,
11323,100,3.0,100,100,100,
9988,100,3.5,100,100,100,
7195,100,3.0,100,100,100,
9680,100,3.0,100,100,100,
5769,100,3.0,100,100,100,
9942,100,3.0,100,100,100,
12003,100,2.0,100,100,100,
9681,100,3.0,100,100,100,
7294,100,4.0,100,100,100,
9973,100,4.0,100,100,100,
5294,100,3.0,100,100,100,
9685,100,1.0,100,100,100,
11420,100,3.5,100,100,100,
10383,100,4.0,100,100,100,
7075,100,3.0,100,100,100,
9049,100,4.0,100,100,100,
5812,100,3.0,100,100,100,
9953,100,4.0,100,100,100,
11679,100,2.0,100,100,100,
9413,100,3.0,100,100,100,
7103,100,3.0,100,100,100,
10269,100,1.0,100,100,100,
5504,100,3.0,100,100,100,
9578,100,4.0,100,100,100,
11556,100,3.0,100,100,100,
9809,100,2.0,100,100,100,
6850,100,3.0,100,100,100,
8979,100,4.0,100,100,100,
5689,100,1.0,100,100,100,
2303,100,3.0,100,100,100,
11316,100,2.0,100,100,100,
9162,100,3.0,100,100,100,
10636,100,2.5,100,100,100,
2745,100,3.0,100,100,100,
5386,100,4.0,100,100,100,
9504,100,3.0,100,100,100,
11862,100,4.0,100,100,100,
2490,100,3.0,100,100,100,
11145,100,3.0,100,100,100,
9554,100,2.0,100,100,100,
5884,100,1.0,100,100,100,
2550,100,3.0,100,100,100,
11871,100,3.0,100,100,100,
1352,100,2.0,100,100,100,
10566,100,3.0,100,100,100,
2851,100,4.0,100,100,100,
5801,100,2.0,100,100,100,
1444,100,4.0,100,100,100,
11569,100,3.5,100,100,100,
2324,100,2.0,100,100,100,
11198,100,4.0,100,100,100,
1724,100,3.0,100,100,100,
5864,100,4.0,100,100,100,
2498,100,3.0,100,100,100,
11522,100,4.0,100,100,100,
1277,100,4.0,100,100,100,
10998,100,3.0,100,100,100,
2702,100,4.0,100,100,100,
5269,100,3.0,100,100,100,
1825,100,3.0,100,100,100,
11480,100,3.0,100,100,100,
2291,100,3.0,100,100,100,
10843,100,3.0,100,100,100,
1864,100,3.0,100,100,100,
5265,100,3.0,100,100,100,
2759,100,3.0,100,100,100,
11939,100,3.0,100,100,100,
1918,100,3.0,100,100,100,
10532,100,3.0,100,100,100,
2430,100,3.0,100,100,100,
5649,100,3.0,100,100,100,
1557,100,2.0,100,100,100,
11802,100,5.0,100,100,100,
2134,100,2.5,100,100,100,
10584,100,3.0,100,100,100,
1599,100,4.0,100,100,100,
5652,100,5.0,100,100,100,
2450,100,3.0,100,100,100,
11593,100,3.0,100,100,100,
1636,100,3.0,100,100,100,
11100,100,3.0,100,100,100,
2279,100,5.0,100,100,100,
5274,100,3.0,100,100,100,
1916,100,4.0,100,100,100,
11257,100,4.0,100,100,100,
2383,100,3.0,100,100,100,
11136,100,3.0,100,100,100,
1983,100,2.0,100,100,100,
5744,100,4.0,100,100,100,
2377,100,2.0,100,100,100,
11778,100,3.0,100,100,100,
1707,100,3.0,100,100,100,
10769,100,3.0,100,100,100,
2683,100,3.0,100,100,100,
5254,100,4.0,100,100,100,
1364,100,2.0,100,100,100,
11998,100,3.0,100,100,100,
2068,100,3.0,100,100,100,
10684,100,4.0,100,100,100,
1819,100,3.0,100,100,100,
5588,100,4.0,100,100,100,
2092,100,3.0,100,100,100,
11921,100,3.0,100,100,100,
1766,100,5.0,100,100,100,
10518,100,3.0,100,100,100,
2457,100,3.0,100,100,100,
5937,100,3.0,100,100,100,
1628,100,4.0,100,100,100,
11821,100,4.0,100,100,100,
2099,100,3.0,100,100,100,
10753,100,3.0,100,100,100,
1883,100,4.0,100,100,100,
5375,100,4.0,100,100,100,
2363,100,2.0,100,100,100,
11954,100,3.0,100,100,100,
1333,100,2.0,100,100,100,
10773,100,3.0,100,100,100,
2213,100,3.0,100,100,100,
5581,100,3.0,100,100,100,
1814,100,3.0,100,100,100,
11779,100,3.0,100,100,100,
2582,100,4.0,100,100,100,
11224,100,3.0,100,100,100,
1274,100,3.0,100,100,100,
5904,100,3.0,100,100,100,
2540,100,3.0,100,100,100,
11213,100,3.0,100,100,100,
1917,100,4.0,100,100,100,
5249,100,5.0,100,100,100,
2353,100,4.0,100,100,100,
11196,100,4.0,100,100,100,
1583,100,1.0,100,100,100,
5927,100,3.0,100,100,100,
2233,100,3.0,100,100,100,
10951,100,4.0,100,100,100,
1532,100,2.5,100,100,100,
5641,100,2.0,100,100,100,
2701,100,3.0,100,100,100,
11230,100,2.0,100,100,100,
1350,100,4.0,100,100,100,
5517,100,3.0,100,100,100,
2138,100,4.0,100,100,100,
11050,100,3.0,100,100,100,
1939,100,3.0,100,100,100,
5692,100,3.0,100,100,100,
2155,100,3.0,100,100,100,
10573,100,4.0,100,100,100,
1344,100,4.0,100,100,100,
5678,100,2.0,100,100,100,
2508,100,4.0,100,100,100,
11160,100,3.0,100,100,100,
1561,100,3.0,100,100,100,
5852,100,3.0,100,100,100,
2594,100,4.0,100,100,100,
10762,100,3.0,100,100,100,
1661,100,3.0,100,100,100,
5328,100,3.0,100,100,100,
2183,100,3.0,100,100,100,
10790,100,1.0,100,100,100,
756,100,3.0,100,100,100,
5589,100,4.0,100,100,100,
2668,100,3.0,100,100,100,
10858,100,3.0,100,100,100,
1115,100,4.0,100,100,100,
5636,100,4.0,100,100,100,
2474,100,3.0,100,100,100,
5661,100,3.0,100,100,100,
1149,100,2.0,100,100,100,
5854,100,4.0,100,100,100,
2379,100,4.0,100,100,100,
892,100,4.0,100,100,100,
2494,100,3.0,100,100,100,
1224,100,2.5,100,100,100,
226,100,4.0,100,100,100,
1250,100,3.0,100,100,100,
90,100,4.0,100,100,100,
853,100,3.0,100,100,100,
385,100,3.0,100,100,100,
547,100,4.0,100,100,100,
399,100,3.0,100,100,100,
866,100,3.0,100,100,100,
182,100,4.0,100,100,100,
1265,100,2.0,100,100,100,
27,100,3.0,100,100,100,
657,100,2.0,100,100,100,
270,100,2.0,100,100,100,
1147,100,4.0,100,100,100,
473,100,3.0,100,100,100,
887,100,4.0,100,100,100,
282,100,3.0,100,100,100,
1020,100,5.0,100,100,100,
289,100,3.0,100,100,100,
1058,100,3.0,100,100,100,
64,100,3.0,100,100,100,
951,100,3.0,100,100,100,
523,100,5.0,100,100,100,
900,100,4.0,100,100,100,
526,100,3.0,100,100,100,
762,100,3.0,100,100,100,
541,100,3.0,100,100,100,
685,100,3.0,100,100,100,
326,100,4.0,100,100,100,
1123,100,3.0,100,100,100,
923,100,4.0,100,100,100,
719,100,3.0,100,100,100,
987,100,2.0,100,100,100,
1124,100,3.0,100,100,100,
706,100,3.0,100,100,100,
7568,100,1.0,100,100,100,
15314,100,4.0,100,100,100,
5126,100,3.0,100,100,100,
15212,100,3.0,100,100,100,
7795,100,3.0,100,100,100,
15012,100,2.0,100,100,100,
4582,100,4.0,100,100,100,
15267,100,3.0,100,100,100,
7889,100,4.0,100,100,100,
14974,100,3.0,100,100,100,
4926,100,5.0,100,100,100,
15463,100,4.0,100,100,100,
8152,100,3.0,100,100,100,
15591,100,3.0,100,100,100,
5198,100,1.0,100,100,100,
15265,100,3.0,100,100,100,
7567,100,3.0,100,100,100,
15144,100,3.0,100,100,100,
4952,100,3.0,100,100,100,
15113,100,3.0,100,100,100,
8010,100,5.0,100,100,100,
15365,100,3.0,100,100,100,
4756,100,3.0,100,100,100,
15487,100,3.0,100,100,100,
8048,100,2.0,100,100,100,
15000,100,1.0,100,100,100,
4701,100,3.0,100,100,100,
15704,100,3.0,100,100,100,
8090,100,3.0,100,100,100,
15686,100,3.5,100,100,100,
4614,100,3.0,100,100,100,
15165,100,3.0,100,100,100,
7846,100,2.0,100,100,100,
15531,100,3.0,100,100,100,
4914,100,3.0,100,100,100,
15512,100,3.0,100,100,100,
7612,100,2.5,100,100,100,
15732,100,3.0,100,100,100,
5102,100,3.0,100,100,100,
15439,100,3.0,100,100,100,
8169,100,4.0,100,100,100,
15501,100,3.0,100,100,100,
5146,100,4.0,100,100,100,
19150,100,4.0,100,100,100,
7799,100,3.0,100,100,100,
18731,100,3.0,100,100,100,
5167,100,4.0,100,100,100,
18882,100,3.0,100,100,100,
7774,100,3.5,100,100,100,
19189,100,3.0,100,100,100,
5192,100,3.0,100,100,100,
19476,100,3.0,100,100,100,
7989,100,3.0,100,100,100,
18891,100,2.0,100,100,100,
4542,100,2.0,100,100,100,
18802,100,5.0,100,100,100,
7862,100,3.0,100,100,100,
19002,100,4.0,100,100,100,
4495,100,5.0,100,100,100,
18751,100,4.0,100,100,100,
7711,100,3.0,100,100,100,
19154,100,3.0,100,100,100,
5169,100,4.0,100,100,100,
18942,100,1.0,100,100,100,
7760,100,3.0,100,100,100,
19280,100,3.0,100,100,100,
4826,100,3.0,100,100,100,
19206,100,4.0,100,100,100,
7638,100,3.0,100,100,100,
19100,100,4.0,100,100,100,
4989,100,2.0,100,100,100,
19027,100,4.0,100,100,100,
7621,100,4.0,100,100,100,
19362,100,3.0,100,100,100,
5121,100,4.0,100,100,100,
19283,100,3.0,100,100,100,
8011,100,4.0,100,100,100,
19379,100,3.0,100,100,100,
5011,100,1.0,100,100,100,
19202,100,3.0,100,100,100,
8150,100,3.0,100,100,100,
18952,100,4.0,100,100,100,
4695,100,3.0,100,100,100,
18987,100,2.0,100,100,100,
7856,100,3.0,100,100,100,
19003,100,3.0,100,100,100,
5153,100,4.0,100,100,100,
18789,100,4.0,100,100,100,
8045,100,4.0,100,100,100,
19245,100,3.0,100,100,100,
5206,100,3.0,100,100,100,
18870,100,3.0,100,100,100,
7809,100,3.0,100,100,100,
18825,100,1.0,100,100,100,
4569,100,2.0,100,100,100,
19406,100,4.0,100,100,100,
7673,100,2.0,100,100,100,
19412,100,4.0,100,100,100,
4831,100,4.0,100,100,100,
19349,100,2.0,100,100,100,
8000,100,3.0,100,100,100,
18739,100,3.0,100,100,100,
4745,100,3.0,100,100,100,
16227,100,3.0,100,100,100,
7657,100,2.0,100,100,100,
16013,100,3.5,100,100,100,
4684,100,4.0,100,100,100,
15805,100,3.0,100,100,100,
7945,100,3.0,100,100,100,
16263,100,4.0,100,100,100,
4556,100,4.0,100,100,100,
16392,100,3.0,100,100,100,
7954,100,2.0,100,100,100,
15801,100,3.0,100,100,100,
5005,100,3.0,100,100,100,
16110,100,3.0,100,100,100,
7734,100,3.0,100,100,100,
16189,100,3.0,100,100,100,
5103,100,3.0,100,100,100,
16177,100,3.0,100,100,100,
7707,100,3.0,100,100,100,
16196,100,3.0,100,100,100,
4512,100,3.0,100,100,100,
16383,100,4.0,100,100,100,
8031,100,3.0,100,100,100,
15831,100,3.0,100,100,100,
4577,100,4.0,100,100,100,
15788,100,2.0,100,100,100,
8226,100,3.0,100,100,100,
15775,100,4.0,100,100,100,
4975,100,4.0,100,100,100,
15790,100,5.0,100,100,100,
8072,100,3.0,100,100,100,
16292,100,3.0,100,100,100,
5068,100,4.0,100,100,100,
16197,100,3.0,100,100,100,
19745,100,1.0,100,100,100,
16355,100,3.0,100,100,100,
5168,100,2.0,100,100,100,
16150,100,3.0,100,100,100,
19594,100,4.0,100,100,100,
16285,100,3.0,100,100,100,
4568,100,3.0,100,100,100,
16075,100,3.0,100,100,100,
20087,100,2.0,100,100,100,
16050,100,3.0,100,100,100,
4609,100,1.0,100,100,100,
16067,100,3.0,100,100,100,
19982,100,3.5,100,100,100,
16051,100,2.0,100,100,100,
5044,100,4.0,100,100,100,
16267,100,5.0,100,100,100,
19999,100,3.5,100,100,100,
15968,100,3.0,100,100,100,
4393,100,3.0,100,100,100,
15993,100,4.0,100,100,100,
19525,100,3.0,100,100,100,
16445,100,4.0,100,100,100,
3880,100,4.0,100,100,100,
16105,100,2.0,100,100,100,
19805,100,3.0,100,100,100,
18663,100,4.0,100,100,100,
4229,100,2.0,100,100,100,
18375,100,4.0,100,100,100,
19984,100,5.0,100,100,100,
18300,100,3.0,100,100,100,
3896,100,3.0,100,100,100,
18107,100,4.0,100,100,100,
20119,100,5.0,100,100,100,
18018,100,3.0,100,100,100,
4315,100,3.0,100,100,100,
18156,100,3.0,100,100,100,
19912,100,3.0,100,100,100,
17995,100,5.0,100,100,100,
4043,100,1.0,100,100,100,
18305,100,3.0,100,100,100,
19947,100,3.0,100,100,100,
18221,100,4.0,100,100,100,
3870,100,3.0,100,100,100,
18158,100,3.0,100,100,100,
20047,100,2.0,100,100,100,
18416,100,3.0,100,100,100,
4256,100,4.0,100,100,100,
18648,100,5.0,100,100,100,
19560,100,3.0,100,100,100,
17990,100,2.0,100,100,100,
4251,100,4.0,100,100,100,
18635,100,3.0,100,100,100,
20093,100,4.0,100,100,100,
18254,100,4.0,100,100,100,
3657,100,4.0,100,100,100,
18512,100,2.0,100,100,100,
19764,100,3.0,100,100,100,
18101,100,4.0,100,100,100,
4032,100,3.0,100,100,100,
18323,100,5.0,100,100,100,
19678,100,3.0,100,100,100,
18176,100,4.0,100,100,100,
3773,100,5.0,100,100,100,
18518,100,3.0,100,100,100,
19635,100,4.0,100,100,100,
18055,100,3.0,100,100,100,
4062,100,4.0,100,100,100,
18198,100,4.0,100,100,100,
19942,100,2.0,100,100,100,
14455,100,4.0,100,100,100,
3798,100,4.0,100,100,100,
14314,100,1.0,100,100,100,
19592,100,4.0,100,100,100,
14851,100,4.0,100,100,100,
4436,100,3.0,100,100,100,
14380,100,4.0,100,100,100,
19673,100,3.0,100,100,100,
14414,100,3.0,100,100,100,
3782,100,3.0,100,100,100,
14865,100,3.0,100,100,100,
19503,100,4.0,100,100,100,
14580,100,3.0,100,100,100,
4350,100,4.0,100,100,100,
14344,100,3.0,100,100,100,
19985,100,2.0,100,100,100,
14427,100,2.0,100,100,100,
4429,100,5.0,100,100,100,
14675,100,3.0,100,100,100,
19772,100,4.0,100,100,100,
14808,100,4.0,100,100,100,
4380,100,4.0,100,100,100,
14325,100,3.0,100,100,100,
19680,100,4.0,100,100,100,
14653,100,4.0,100,100,100,
3905,100,3.0,100,100,100,
14892,100,3.0,100,100,100,
19995,100,4.0,100,100,100,
14789,100,3.0,100,100,100,
4399,100,3.0,100,100,100,
14402,100,3.0,100,100,100,
19802,100,3.0,100,100,100,
14667,100,4.0,100,100,100,
3737,100,3.0,100,100,100,
14463,100,3.0,100,100,100,
19859,100,4.0,100,100,100,
14750,100,4.0,100,100,100,
4337,100,3.0,100,100,100,
14539,100,3.0,100,100,100,
20043,100,4.0,100,100,100,
14350,100,2.0,100,100,100,
4262,100,3.0,100,100,100,
14724,100,4.0,100,100,100,
19574,100,2.0,100,100,100,
14562,100,3.0,100,100,100,
4027,100,4.0,100,100,100,
22204,100,3.0,100,100,100,
13169,100,4.0,100,100,100,
22096,100,3.0,100,100,100,
3687,100,1.0,100,100,100,
22547,100,5.0,100,100,100,
13328,100,4.0,100,100,100,
22589,100,4.0,100,100,100,
4116,100,4.0,100,100,100,
22068,100,4.0,100,100,100,
13367,100,3.0,100,100,100,
21896,100,3.0,100,100,100,
3936,100,5.0,100,100,100,
22440,100,3.0,100,100,100,
13095,100,3.0,100,100,100,
21955,100,2.5,100,100,100,
4212,100,4.0,100,100,100,
22017,100,4.0,100,100,100,
13058,100,4.0,100,100,100,
21944,100,4.0,100,100,100,
4227,100,4.0,100,100,100,
22341,100,3.0,100,100,100,
13383,100,3.0,100,100,100,
22351,100,3.0,100,100,100,
3941,100,4.0,100,100,100,
22517,100,4.0,100,100,100,
12885,100,4.0,100,100,100,
21885,100,3.0,100,100,100,
4039,100,3.0,100,100,100,
22532,100,3.0,100,100,100,
13038,100,3.0,100,100,100,
21989,100,4.0,100,100,100,
4364,100,3.5,100,100,100,
22057,100,3.0,100,100,100,
12930,100,3.0,100,100,100,
21824,100,3.0,100,100,100,
6217,100,4.0,100,100,100,
22006,100,4.0,100,100,100,
13122,100,3.0,100,100,100,
22121,100,3.0,100,100,100,
6026,100,4.0,100,100,100,
22546,100,4.0,100,100,100,
13310,100,2.0,100,100,100,
21963,100,4.0,100,100,100,
6398,100,3.0,100,100,100,
22431,100,3.0,100,100,100,
13248,100,5.0,100,100,100,
22564,100,3.0,100,100,100,
6297,100,3.0,100,100,100,
22018,100,3.0,100,100,100,
12993,100,3.0,100,100,100,
22319,100,4.0,100,100,100,
6534,100,4.0,100,100,100,
22566,100,4.0,100,100,100,
12956,100,4.0,100,100,100,
22090,100,3.0,100,100,100,
6267,100,3.0,100,100,100,
22038,100,4.0,100,100,100,
12946,100,3.0,100,100,100,
21867,100,3.0,100,100,100,
6313,100,3.0,100,100,100,
21957,100,3.0,100,100,100,
13272,100,3.0,100,100,100,
22037,100,3.5,100,100,100,
6205,100,4.0,100,100,100,
21816,100,2.0,100,100,100,
13490,100,3.0,100,100,100,
21952,100,4.0,100,100,100,
6184,100,2.0,100,100,100,
22420,100,3.0,100,100,100,
12494,100,4.0,100,100,100,
21017,100,3.0,100,100,100,
6018,100,2.5,100,100,100,
20573,100,5.0,100,100,100,
12243,100,1.0,100,100,100,
20360,100,4.0,100,100,100,
6647,100,3.0,100,100,100,
20205,100,4.0,100,100,100,
12766,100,4.0,100,100,100,
20556,100,3.0,100,100,100,
6587,100,3.0,100,100,100,
20722,100,3.0,100,100,100,
12312,100,4.0,100,100,100,
20247,100,2.0,100,100,100,
6518,100,4.0,100,100,100,
20602,100,2.0,100,100,100,
12392,100,2.0,100,100,100,
20387,100,2.0,100,100,100,
6254,100,3.0,100,100,100,
20416,100,3.0,100,100,100,
12576,100,2.0,100,100,100,
20887,100,3.0,100,100,100,
6500,100,3.0,100,100,100,
20287,100,2.0,100,100,100,
12738,100,5.0,100,100,100,
20225,100,2.0,100,100,100,
6682,100,3.0,100,100,100,
20948,100,4.0,100,100,100,
12706,100,3.0,100,100,100,
20561,100,1.0,100,100,100,
6200,100,3.0,100,100,100,
20702,100,3.0,100,100,100,
12230,100,4.0,100,100,100,
20496,100,3.0,100,100,100,
6174,100,3.0,100,100,100,
20912,100,3.0,100,100,100,
12109,100,4.0,100,100,100,
20849,100,3.0,100,100,100,
6167,100,5.0,100,100,100,
20992,100,4.0,100,100,100,
12116,100,3.0,100,100,100,
20480,100,3.0,100,100,100,
6266,100,3.0,100,100,100,
20404,100,3.0,100,100,100,
12146,100,4.0,100,100,100,
20451,100,3.0,100,100,100,
6481,100,3.5,100,100,100,
20330,100,3.0,100,100,100,
12477,100,5.0,100,100,100,
20756,100,1.0,100,100,100,
6446,100,3.0,100,100,100,
20323,100,4.0,100,100,100,
12175,100,3.0,100,100,100,
20410,100,4.0,100,100,100,
6066,100,3.0,100,100,100,
20816,100,3.0,100,100,100,
12278,100,4.0,100,100,100,
14128,100,4.0,100,100,100,
6381,100,3.0,100,100,100,
14076,100,3.0,100,100,100,
12422,100,3.0,100,100,100,
13749,100,4.0,100,100,100,
6542,100,3.0,100,100,100,
14207,100,3.0,100,100,100,
12351,100,3.0,100,100,100,
14172,100,4.0,100,100,100,
6273,100,4.0,100,100,100,
13966,100,3.0,100,100,100,
12755,100,3.0,100,100,100,
13972,100,4.0,100,100,100,
6386,100,3.0,100,100,100,
13929,100,4.0,100,100,100,
12194,100,3.0,100,100,100,
13971,100,3.0,100,100,100,
6586,100,5.0,100,100,100,
13705,100,4.0,100,100,100,
12490,100,3.0,100,100,100,
14101,100,4.0,100,100,100,
6560,100,4.0,100,100,100,
13709,100,3.0,100,100,100,
12362,100,4.0,100,100,100,
13681,100,3.0,100,100,100,
6255,100,3.0,100,100,100,
13714,100,3.0,100,100,100,
12452,100,3.0,100,100,100,
13533,100,4.0,100,100,100,
6161,100,3.0,100,100,100,
14094,100,3.0,100,100,100,
12188,100,3.0,100,100,100,
13965,100,4.0,100,100,100,
6566,100,3.0,100,100,100,
13610,100,4.0,100,100,100,
12257,100,3.0,100,100,100,
13594,100,3.0,100,100,100,
6019,100,3.0,100,100,100,
13585,100,3.0,100,100,100,
12668,100,1.0,100,100,100,
14189,100,3.0,100,100,100,
6488,100,4.0,100,100,100,
13623,100,3.0,100,100,100,
12639,100,1.0,100,100,100,
13767,100,3.0,100,100,100,
6626,100,4.0,100,100,100,
13882,100,4.0,100,100,100,
12190,100,3.0,100,100,100,
14080,100,5.0,100,100,100,
5973,100,3.0,100,100,100,
13912,100,3.0,100,100,100,
12493,100,3.0,100,100,100,
13800,100,3.0,100,100,100,
6015,100,3.0,100,100,100,
13836,100,4.0,100,100,100,
12204,100,3.0,100,100,100,
13976,100,3.0,100,100,100,
6428,100,3.0,100,100,100,
13872,100,4.0,100,100,100,
12048,100,3.0,100,100,100,
14005,100,3.0,100,100,100,
6349,100,4.0,100,100,100,
13878,100,3.0,100,100,100,
12125,100,4.0,100,100,100,
17804,100,3.0,100,100,100,
6612,100,4.0,100,100,100,
17722,100,3.0,100,100,100,
12183,100,5.0,100,100,100,
17235,100,3.0,100,100,100,
6583,100,2.0,100,100,100,
17418,100,3.0,100,100,100,
12654,100,4.0,100,100,100,
17417,100,2.0,100,100,100,
6499,100,3.0,100,100,100,
17290,100,2.0,100,100,100,
12676,100,4.0,100,100,100,
17684,100,3.0,100,100,100,
8718,100,4.0,100,100,100,
17492,100,3.0,100,100,100,
3012,100,3.0,100,100,100,
17897,100,3.0,100,100,100,
8255,100,3.0,100,100,100,
17954,100,4.0,100,100,100,
3172,100,3.0,100,100,100,
17837,100,3.0,100,100,100,
8300,100,3.0,100,100,100,
17727,100,3.0,100,100,100,
3059,100,3.0,100,100,100,
17369,100,3.0,100,100,100,
8382,100,4.0,100,100,100,
17752,100,3.0,100,100,100,
3030,100,3.0,100,100,100,
17438,100,3.0,100,100,100,
8805,100,3.0,100,100,100,
17803,100,2.0,100,100,100,
3301,100,3.0,100,100,100,
17419,100,3.0,100,100,100,
8323,100,2.0,100,100,100,
17280,100,3.0,100,100,100,
3443,100,4.0,100,100,100,
17348,100,3.0,100,100,100,
8729,100,1.0,100,100,100,
17553,100,3.0,100,100,100,
3052,100,3.0,100,100,100,
17378,100,3.0,100,100,100,
8634,100,4.0,100,100,100,
17414,100,5.0,100,100,100,
3225,100,5.0,100,100,100,
17416,100,3.5,100,100,100,
8377,100,4.0,100,100,100,
17618,100,3.0,100,100,100,
3471,100,5.0,100,100,100,
17610,100,3.0,100,100,100,
8345,100,3.0,100,100,100,
17838,100,3.0,100,100,100,
3132,100,3.0,100,100,100,
17335,100,3.0,100,100,100,
8723,100,3.0,100,100,100,
17577,100,3.0,100,100,100,
3460,100,3.0,100,100,100,
16681,100,2.5,100,100,100,
8367,100,3.0,100,100,100,
17036,100,4.0,100,100,100,
3080,100,3.0,100,100,100,
16929,100,4.0,100,100,100,
8370,100,4.0,100,100,100,
16612,100,3.0,100,100,100,
2966,100,3.0,100,100,100,
16870,100,3.0,100,100,100,
8394,100,4.0,100,100,100,
16956,100,3.0,100,100,100,
3487,100,3.0,100,100,100,
16825,100,3.0,100,100,100,
8811,100,2.0,100,100,100,
17153,100,4.0,100,100,100,
2927,100,3.0,100,100,100,
17045,100,3.0,100,100,100,
8435,100,4.0,100,100,100,
16907,100,4.0,100,100,100,
3334,100,2.0,100,100,100,
17052,100,3.0,100,100,100,
8703,100,4.0,100,100,100,
16964,100,4.0,100,100,100,
3453,100,3.0,100,100,100,
16928,100,3.0,100,100,100,
8529,100,3.0,100,100,100,
16842,100,4.0,100,100,100,
3342,100,3.0,100,100,100,
16640,100,4.0,100,100,100,
8395,100,4.0,100,100,100,
16818,100,5.0,100,100,100,
3612,100,4.0,100,100,100,
17196,100,3.5,100,100,100,
8350,100,2.0,100,100,100,
17031,100,4.0,100,100,100,
3592,100,3.0,100,100,100,
16705,100,3.0,100,100,100,
8834,100,4.0,100,100,100,
16571,100,4.0,100,100,100,
3019,100,4.0,100,100,100,
17219,100,3.0,100,100,100,
8361,100,3.0,100,100,100,
17092,100,2.5,100,100,100,
3061,100,1.0,100,100,100,
16903,100,1.0,100,100,100,
8576,100,3.0,100,100,100,
16682,100,4.0,100,100,100,
3022,100,4.0,100,100,100,
16638,100,3.0,100,100,100,
8783,100,3.0,100,100,100,
16852,100,3.0,100,100,100,
3122,100,4.0,100,100,100,
16926,100,4.0,100,100,100,
8269,100,3.0,100,100,100,
16837,100,3.0,100,100,100,
2999,100,3.0,100,100,100,
23103,100,3.0,100,100,100,
8630,100,5.0,100,100,100,
23032,100,2.5,100,100,100,
3587,100,3.0,100,100,100,
22601,100,3.0,100,100,100,
8946,100,2.0,100,100,100,
22626,100,3.0,100,100,100,
2882,100,4.0,100,100,100,
22752,100,3.0,100,100,100,
8513,100,3.0,100,100,100,
23102,100,3.0,100,100,100,
6922,100,3.0,100,100,100,
22806,100,3.0,100,100,100,
8601,100,4.0,100,100,100,
23126,100,4.0,100,100,100,
6870,100,5.0,100,100,100,
23127,100,3.0,100,100,100,
8950,100,4.0,100,100,100,
22842,100,2.5,100,100,100,
7497,100,4.0,100,100,100,
22817,100,3.0,100,100,100,
8848,100,4.0,100,100,100,
22780,100,3.0,100,100,100,
6909,100,3.0,100,100,100,
22978,100,3.0,100,100,100,
8430,100,5.0,100,100,100,
22934,100,3.0,100,100,100,
7321,100,4.0,100,100,100,
23225,100,3.0,100,100,100,
8612,100,2.0,100,100,100,
22685,100,3.0,100,100,100,
7050,100,4.0,100,100,100,
22714,100,3.0,100,100,100,
8344,100,4.0,100,100,100,
22844,100,4.0,100,100,100,
7445,100,2.0,100,100,100,
22955,100,3.0,100,100,100,
8415,100,3.0,100,100,100,
22655,100,3.0,100,100,100,
7149,100,3.0,100,100,100,
22737,100,4.0,100,100,100,
8892,100,4.0,100,100,100,
22913,100,3.0,100,100,100,
6971,100,4.0,100,100,100,
22698,100,4.0,100,100,100,
8441,100,4.0,100,100,100,
22928,100,3.0,100,100,100,
6778,100,3.0,100,100,100,
22756,100,3.0,100,100,100,
8272,100,3.0,100,100,100,
23071,100,3.0,100,100,100,
7223,100,3.0,100,100,100,
23250,100,2.0,100,100,100,
8879,100,1.0,100,100,100,
22874,100,4.0,100,100,100,
7503,100,4.0,100,100,100,
22611,100,3.0,100,100,100,
8594,100,2.0,100,100,100,
23196,100,4.0,100,100,100,
6917,100,2.0,100,100,100,
22792,100,3.0,100,100,100,
8600,100,3.0,100,100,100,
23183,100,3.0,100,100,100,
6978,100,4.0,100,100,100,
23158,100,1.0,100,100,100,
5668,100,3.0,100,100,100,
22982,100,4.0,100,100,100,
11695,100,3.0,100,100,100,
22666,100,4.0,100,100,100,
7259,100,3.0,100,100,100,
22897,100,3.0,100,100,100,
5762,100,3.0,100,100,100,
22864,100,3.0,100,100,100,
11890,100,4.0,100,100,100,
9800,100,3.0,100,100,100,
21701,100,4.0,100,100,100,
6794,100,3.0,100,100,100,
9176,100,2.5,100,100,100,
21459,100,3.0,100,100,100,
5718,100,3.0,100,100,100,
9925,100,3.0,100,100,100,
21707,100,4.0,100,100,100,
11494,100,4.0,100,100,100,
9247,100,3.0,100,100,100,
21287,100,4.0,100,100,100,
6789,100,3.0,100,100,100,
10172,100,5.0,100,100,100,
21382,100,3.0,100,100,100,
5612,100,3.0,100,100,100,
9035,100,3.0,100,100,100,
21711,100,4.0,100,100,100,
11612,100,5.0,100,100,100,
9744,100,5.0,100,100,100,
21615,100,3.0,100,100,100,
7481,100,3.0,100,100,100,
9386,100,3.0,100,100,100,
21089,100,3.0,100,100,100,
5429,100,3.0,100,100,100,
9912,100,5.0,100,100,100,
21133,100,4.0,100,100,100,
11718,100,3.0,100,100,100,
9047,100,5.0,100,100,100,
21392,100,3.0,100,100,100,
6832,100,4.0,100,100,100,
9764,100,4.0,100,100,100,
21507,100,4.0,100,100,100,
5635,100,4.0,100,100,100,
9008,100,2.0,100,100,100,
21367,100,3.0,100,100,100,
11279,100,4.0,100,100,100,
9759,100,4.0,100,100,100,
21212,100,3.0,100,100,100,
7434,100,4.0,100,100,100,
9103,100,3.0,100,100,100,
21496,100,4.0,100,100,100,
5619,100,5.0,100,100,100,
10237,100,4.0,100,100,100,
21077,100,5.0,100,100,100,
11991,100,2.0,100,100,100,
9157,100,5.0,100,100,100,
21542,100,3.0,100,100,100,
7233,100,3.0,100,100,100,
10233,100,3.0,100,100,100,
21633,100,3.0,100,100,100,
5423,100,5.0,100,100,100,
9459,100,3.0,100,100,100,
21117,100,3.0,100,100,100,
11746,100,3.0,100,100,100,
9939,100,2.0,100,100,100,
21578,100,3.0,100,100,100,
6757,100,3.0,100,100,100,
9298,100,4.0,100,100,100,
21643,100,1.0,100,100,100,
5825,100,4.0,100,100,100,
9983,100,3.0,100,100,100,
21550,100,3.0,100,100,100,
11754,100,3.0,100,100,100,
9511,100,4.0,100,100,100,
21469,100,2.0,100,100,100,
6962,100,4.0,100,100,100,
10143,100,4.0,100,100,100,
21084,100,4.0,100,100,100,
5541,100,2.0,100,100,100,
9013,100,3.0,100,100,100,
21350,100,3.0,100,100,100,
11896,100,3.0,100,100,100,
9783,100,3.0,100,100,100,
21601,100,2.0,100,100,100,
6904,100,2.0,100,100,100,
9090,100,5.0,100,100,100,
21410,100,4.0,100,100,100,
5499,100,2.0,100,100,100,
10222,100,4.0,100,100,100,
21315,100,4.0,100,100,100,
11487,100,3.0,100,100,100,
9265,100,2.0,100,100,100,
6827,100,4.0,100,100,100,
10377,100,3.0,100,100,100,
5535,100,3.0,100,100,100,
8965,100,3.5,100,100,100,
11343,100,3.0,100,100,100,
9704,100,2.0,100,100,100,
7304,100,2.5,100,100,100,
9324,100,3.0,100,100,100,
5572,100,3.0,100,100,100,
10247,100,3.0,100,100,100,
11646,100,3.5,100,100,100,
9229,100,4.0,100,100,100,
7207,100,3.0,100,100,100,
10435,100,3.0,100,100,100,
5394,100,5.0,100,100,100,
9469,100,3.0,100,100,100,
11259,100,3.0,100,100,100,
10171,100,3.0,100,100,100,
7335,100,2.0,100,100,100,
9307,100,3.0,100,100,100,
5577,100,3.0,100,100,100,
9879,100,3.0,100,100,100,
11859,100,4.0,100,100,100,
9591,100,3.0,100,100,100,
7312,100,4.0,100,100,100,
10311,100,3.0,100,100,100,
5435,100,3.0,100,100,100,
9627,100,4.0,100,100,100,
11323,100,3.0,100,100,100,
9988,100,3.5,100,100,100,
7195,100,3.0,100,100,100,
9680,100,3.0,100,100,100,
5769,100,3.0,100,100,100,
9942,100,3.0,100,100,100,
12003,100,2.0,100,100,100,
9681,100,3.0,100,100,100,
7294,100,4.0,100,100,100,
9973,100,4.0,100,100,100,
5294,100,3.0,100,100,100,
9685,100,1.0,100,100,100,
11420,100,3.5,100,100,100,
10383,100,4.0,100,100,100,
7075,100,3.0,100,100,100,
9049,100,4.0,100,100,100,
5812,100,3.0,100,100,100,
9953,100,4.0,100,100,100,
11679,100,2.0,100,100,100,
9413,100,3.0,100,100,100,
7103,100,3.0,100,100,100,
10269,100,1.0,100,100,100,
5504,100,3.0,100,100,100,
9578,100,4.0,100,100,100,
11556,100,3.0,100,100,100,
9809,100,2.0,100,100,100,
6850,100,3.0,100,100,100,
8979,100,4.0,100,100,100,
5689,100,1.0,100,100,100,
2303,100,3.0,100,100,100,
11316,100,2.0,100,100,100,
9162,100,3.0,100,100,100,
10636,100,2.5,100,100,100,
2745,100,3.0,100,100,100,
5386,100,4.0,100,100,100,
9504,100,3.0,100,100,100,
11862,100,4.0,100,100,100,
2490,100,3.0,100,100,100,
11145,100,3.0,100,100,100,
9554,100,2.0,100,100,100,
5884,100,1.0,100,100,100,
2550,100,3.0,100,100,100,
11871,100,3.0,100,100,100,
1352,100,2.0,100,100,100,
10566,100,3.0,100,100,100,
2851,100,4.0,100,100,100,
5801,100,2.0,100,100,100,
1444,100,4.0,100,100,100,
11569,100,3.5,100,100,100,
2324,100,2.0,100,100,100,
11198,100,4.0,100,100,100,
1724,100,3.0,100,100,100,
5864,100,4.0,100,100,100,
2498,100,3.0,100,100,100,
11522,100,4.0,100,100,100,
1277,100,4.0,100,100,100,
10998,100,3.0,100,100,100,
2702,100,4.0,100,100,100,
5269,100,3.0,100,100,100,
1825,100,3.0,100,100,100,
11480,100,3.0,100,100,100,
2291,100,3.0,100,100,100,
10843,100,3.0,100,100,100,
1864,100,3.0,100,100,100,
5265,100,3.0,100,100,100,
2759,100,3.0,100,100,100,
11939,100,3.0,100,100,100,
1918,100,3.0,100,100,100,
10532,100,3.0,100,100,100,
2430,100,3.0,100,100,100,
5649,100,3.0,100,100,100,
1557,100,2.0,100,100,100,
11802,100,5.0,100,100,100,
2134,100,2.5,100,100,100,
10584,100,3.0,100,100,100,
1599,100,4.0,100,100,100,
5652,100,5.0,100,100,100,
2450,100,3.0,100,100,100,
11593,100,3.0,100,100,100,
1636,100,3.0,100,100,100,
11100,100,3.0,100,100,100,
2279,100,5.0,100,100,100,
5274,100,3.0,100,100,100,
1916,100,4.0,100,100,100,
11257,100,4.0,100,100,100,
2383,100,3.0,100,100,100,
11136,100,3.0,100,100,100,
1983,100,2.0,100,100,100,
5744,100,4.0,100,100,100,
2377,100,2.0,100,100,100,
11778,100,3.0,100,100,100,
1707,100,3.0,100,100,100,
10769,100,3.0,100,100,100,
2683,100,3.0,100,100,100,
5254,100,4.0,100,100,100,
1364,100,2.0,100,100,100,
11998,100,3.0,100,100,100,
2068,100,3.0,100,100,100,
10684,100,4.0,100,100,100,
1819,100,3.0,100,100,100,
5588,100,4.0,100,100,100,
2092,100,3.0,100,100,100,
11921,100,3.0,100,100,100,
1766,100,5.0,100,100,100,
10518,100,3.0,100,100,100,
2457,100,3.0,100,100,100,
5937,100,3.0,100,100,100,
1628,100,4.0,100,100,100,
11821,100,4.0,100,100,100,
2099,100,3.0,100,100,100,
10753,100,3.0,100,100,100,
1883,100,4.0,100,100,100,
5375,100,4.0,100,100,100,
2363,100,2.0,100,100,100,
11954,100,3.0,100,100,100,
1333,100,2.0,100,100,100,
10773,100,3.0,100,100,100,
2213,100,3.0,100,100,100,
5581,100,3.0,100,100,100,
1814,100,3.0,100,100,100,
11779,100,3.0,100,100,100,
2582,100,4.0,100,100,100,
11224,100,3.0,100,100,100,
1274,100,3.0,100,100,100,
5904,100,3.0,100,100,100,
2540,100,3.0,100,100,100,
11213,100,3.0,100,100,100,
1917,100,4.0,100,100,100,
5249,100,5.0,100,100,100,
2353,100,4.0,100,100,100,
11196,100,4.0,100,100,100,
1583,100,1.0,100,100,100,
5927,100,3.0,100,100,100,
2233,100,3.0,100,100,100,
10951,100,4.0,100,100,100,
1532,100,2.5,100,100,100,
5641,100,2.0,100,100,100,
2701,100,3.0,100,100,100,
11230,100,2.0,100,100,100,
1350,100,4.0,100,100,100,
5517,100,3.0,100,100,100,
2138,100,4.0,100,100,100,
11050,100,3.0,100,100,100,
1939,100,3.0,100,100,100,
5692,100,3.0,100,100,100,
2155,100,3.0,100,100,100,
10573,100,4.0,100,100,100,
1344,100,4.0,100,100,100,
5678,100,2.0,100,100,100,
2508,100,4.0,100,100,100,
11160,100,3.0,100,100,100,
1561,100,3.0,100,100,100,
5852,100,3.0,100,100,100,
2594,100,4.0,100,100,100,
10762,100,3.0,100,100,100,
1661,100,3.0,100,100,100,
5328,100,3.0,100,100,100,
2183,100,3.0,100,100,100,
10790,100,1.0,100,100,100,
756,100,3.0,100,100,100,
5589,100,4.0,100,100,100,
2668,100,3.0,100,100,100,
10858,100,3.0,100,100,100,
1115,100,4.0,100,100,100,
5636,100,4.0,100,100,100,
2474,100,3.0,100,100,100,
5661,100,3.0,100,100,100,
1149,100,2.0,100,100,100,
5854,100,4.0,100,100,100,
2379,100,4.0,100,100,100,
892,100,4.0,100,100,100,
2494,100,3.0,100,100,100,
1224,100,2.5,100,100,100,
226,100,4.0,100,100,100,
1250,100,3.0,100,100,100,
90,100,4.0,100,100,100,
853,100,3.0,100,100,100,
385,100,3.0,100,100,100,
547,100,4.0,100,100,100,
399,100,3.0,100,100,100,
866,100,3.0,100,100,100,
182,100,4.0,100,100,100,
1265,100,2.0,100,100,100,
27,100,3.0,100,100,100,
657,100,2.0,100,100,100,
270,100,2.0,100,100,100,
1147,100,4.0,100,100,100,
473,100,3.0,100,100,100,
887,100,4.0,100,100,100,
282,100,3.0,100,100,100,
1020,100,5.0,100,100,100,
289,100,3.0,100,100,100,
1058,100,3.0,100,100,100,
64,100,3.0,100,100,100,
951,100,3.0,100,100,100,
523,100,5.0,100,100,100,
900,100,4.0,100,100,100,
526,100,3.0,100,100,100,
762,100,3.0,100,100,100,
541,100,3.0,100,100,100,
685,100,3.0,100,100,100,
326,100,4.0,100,100,100,
1123,100,3.0,100,100,100,
923,100,4.0,100,100,100,
719,100,3.0,100,100,100,
987,100,2.0,100,100,100,
1124,100,3.0,100,100,100,
706,100,3.0,100,100,100,
21760,101,5.0,101,101,101,
2330,101,5.0,101,101,101,
21106,101,2.5,101,101,101,
617,101,2.0,101,101,101,
21346,101,4.0,101,101,101,
2521,101,4.0,101,101,101,
21194,101,0.5,101,101,101,
672,101,2.0,101,101,101,
21736,101,4.0,101,101,101,
2858,101,3.0,101,101,101,
21272,101,3.5,101,101,101,
585,101,4.0,101,101,101,
21712,101,3.0,101,101,101,
2324,101,4.0,101,101,101,
21145,101,2.0,101,101,101,
866,101,4.0,101,101,101,
21694,101,4.0,101,101,101,
2338,101,4.0,101,101,101,
21710,101,3.0,101,101,101,
555,101,4.0,101,101,101,
21119,101,3.0,101,101,101,
2096,101,4.0,101,101,101,
21162,101,3.0,101,101,101,
925,101,4.0,101,101,101,
21089,101,3.0,101,101,101,
2574,101,3.5,101,101,101,
21429,101,4.0,101,101,101,
737,101,5.0,101,101,101,
21557,101,2.5,101,101,101,
2385,101,3.5,101,101,101,
21063,101,5.0,101,101,101,
1164,101,4.0,101,101,101,
21268,101,4.0,101,101,101,
2287,101,4.5,101,101,101,
21544,101,3.0,101,101,101,
900,101,3.0,101,101,101,
21431,101,4.0,101,101,101,
2314,101,5.0,101,101,101,
21779,101,4.0,101,101,101,
621,101,4.0,101,101,101,
21064,101,5.0,101,101,101,
2134,101,4.0,101,101,101,
21535,101,3.0,101,101,101,
618,101,4.0,101,101,101,
21550,101,4.0,101,101,101,
2305,101,3.0,101,101,101,
21324,101,3.5,101,101,101,
820,101,4.0,101,101,101,
21695,101,4.0,101,101,101,
2304,101,2.0,101,101,101,
21378,101,3.0,101,101,101,
1060,101,4.0,101,101,101,
21084,101,5.0,101,101,101,
2444,101,4.0,101,101,101,
21114,101,4.0,101,101,101,
671,101,2.0,101,101,101,
21299,101,4.0,101,101,101,
2545,101,4.0,101,101,101,
20985,101,4.0,101,101,101,
1139,101,4.0,101,101,101,
20892,101,3.5,101,101,101,
2363,101,5.0,101,101,101,
20722,101,3.0,101,101,101,
1222,101,4.0,101,101,101,
20320,101,5.0,101,101,101,
2731,101,4.0,101,101,101,
20993,101,5.0,101,101,101,
1368,101,5.0,101,101,101,
21012,101,3.0,101,101,101,
2596,101,3.0,101,101,101,
20465,101,5.0,101,101,101,
1854,101,4.0,101,101,101,
20399,101,4.0,101,101,101,
2756,101,2.0,101,101,101,
20309,101,4.0,101,101,101,
1331,101,5.0,101,101,101,
20468,101,3.0,101,101,101,
2828,101,5.0,101,101,101,
21016,101,4.5,101,101,101,
1355,101,3.5,101,101,101,
20765,101,4.0,101,101,101,
2438,101,4.0,101,101,101,
20438,101,4.0,101,101,101,
1541,101,2.5,101,101,101,
20312,101,4.0,101,101,101,
9892,101,5.0,101,101,101,
20768,101,4.5,101,101,101,
1775,101,4.0,101,101,101,
20797,101,3.0,101,101,101,
10098,101,4.5,101,101,101,
20740,101,4.0,101,101,101,
1762,101,3.0,101,101,101,
20244,101,4.5,101,101,101,
10311,101,5.0,101,101,101,
16293,101,3.0,101,101,101,
1817,101,5.0,101,101,101,
15846,101,4.0,101,101,101,
9841,101,3.0,101,101,101,
16204,101,2.5,101,101,101,
1694,101,4.0,101,101,101,
16055,101,2.0,101,101,101,
9903,101,4.0,101,101,101,
15807,101,4.0,101,101,101,
1557,101,4.5,101,101,101,
16359,101,4.5,101,101,101,
10418,101,3.0,101,101,101,
15903,101,4.0,101,101,101,
1289,101,4.0,101,101,101,
16473,101,3.0,101,101,101,
10073,101,5.0,101,101,101,
16012,101,3.5,101,101,101,
1408,101,5.0,101,101,101,
16133,101,3.0,101,101,101,
9843,101,3.0,101,101,101,
15826,101,2.5,101,101,101,
1819,101,4.0,101,101,101,
16004,101,4.5,101,101,101,
9820,101,5.0,101,101,101,
16063,101,2.0,101,101,101,
1805,101,4.5,101,101,101,
16468,101,4.0,101,101,101,
9971,101,4.0,101,101,101,
16253,101,5.0,101,101,101,
1377,101,4.0,101,101,101,
16357,101,4.0,101,101,101,
10433,101,3.0,101,101,101,
15874,101,4.0,101,101,101,
1624,101,5.0,101,101,101,
16334,101,4.0,101,101,101,
10305,101,5.0,101,101,101,
16480,101,4.0,101,101,101,
1435,101,3.5,101,101,101,
16355,101,3.0,101,101,101,
9872,101,5.0,101,101,101,
16053,101,1.0,101,101,101,
1860,101,3.0,101,101,101,
16050,101,3.0,101,101,101,
10282,101,5.0,101,101,101,
16418,101,4.0,101,101,101,
2028,101,5.0,101,101,101,
16330,101,3.5,101,101,101,
9874,101,3.0,101,101,101,
16105,101,3.0,101,101,101,
1288,101,5.0,101,101,101,
16458,101,3.0,101,101,101,
10245,101,4.0,101,101,101,
15993,101,3.0,101,101,101,
1488,101,4.0,101,101,101,
15921,101,4.0,101,101,101,
10127,101,3.0,101,101,101,
16146,101,4.0,101,101,101,
9517,101,5.0,101,101,101,
14995,101,4.0,101,101,101,
10146,101,3.0,101,101,101,
15654,101,3.0,101,101,101,
9428,101,4.0,101,101,101,
15605,101,4.0,101,101,101,
10144,101,3.0,101,101,101,
14992,101,4.5,101,101,101,
9180,101,4.0,101,101,101,
15263,101,4.0,101,101,101,
9809,101,2.0,101,101,101,
15508,101,3.0,101,101,101,
9124,101,4.0,101,101,101,
15043,101,5.0,101,101,101,
351,101,4.5,101,101,101,
15549,101,2.0,101,101,101,
9197,101,5.0,101,101,101,
15048,101,4.5,101,101,101,
356,101,3.0,101,101,101,
15283,101,4.0,101,101,101,
9139,101,2.5,101,101,101,
15425,101,3.5,101,101,101,
368,101,4.0,101,101,101,
15727,101,5.0,101,101,101,
9474,101,3.0,101,101,101,
15409,101,4.0,101,101,101,
230,101,5.0,101,101,101,
15434,101,4.0,101,101,101,
9103,101,3.0,101,101,101,
15224,101,4.0,101,101,101,
249,101,4.5,101,101,101,
15310,101,3.5,101,101,101,
9008,101,1.0,101,101,101,
15344,101,4.5,101,101,101,
465,101,4.5,101,101,101,
15208,101,3.5,101,101,101,
9330,101,4.0,101,101,101,
19111,101,4.0,101,101,101,
276,101,3.5,101,101,101,
18727,101,2.5,101,101,101,
9329,101,4.0,101,101,101,
19291,101,4.5,101,101,101,
487,101,5.0,101,101,101,
19050,101,3.5,101,101,101,
9335,101,4.0,101,101,101,
19077,101,3.0,101,101,101,
499,101,3.0,101,101,101,
18733,101,3.0,101,101,101,
9373,101,4.0,101,101,101,
19061,101,2.0,101,101,101,
198,101,4.0,101,101,101,
18818,101,3.0,101,101,101,
9614,101,2.0,101,101,101,
19373,101,4.0,101,101,101,
73,101,4.0,101,101,101,
19280,101,5.0,101,101,101,
9572,101,5.0,101,101,101,
18837,101,4.0,101,101,101,
314,101,2.0,101,101,101,
18981,101,2.0,101,101,101,
9657,101,3.5,101,101,101,
18986,101,3.0,101,101,101,
7,101,4.5,101,101,101,
19091,101,3.0,101,101,101,
9253,101,4.0,101,101,101,
19394,101,3.0,101,101,101,
78,101,4.5,101,101,101,
19155,101,5.0,101,101,101,
9079,101,4.0,101,101,101,
19135,101,3.0,101,101,101,
9443,101,5.0,101,101,101,
19379,101,3.0,101,101,101,
9469,101,3.5,101,101,101,
19284,101,4.5,101,101,101,
9554,101,2.0,101,101,101,
19309,101,3.0,101,101,101,
22402,101,3.5,101,101,101,
18988,101,3.0,101,101,101,
22590,101,4.0,101,101,101,
18810,101,4.0,101,101,101,
21896,101,5.0,101,101,101,
19014,101,3.5,101,101,101,
21865,101,2.5,101,101,101,
18873,101,4.0,101,101,101,
22449,101,4.5,101,101,101,
18973,101,3.5,101,101,101,
21970,101,4.0,101,101,101,
18870,101,4.0,101,101,101,
21914,101,4.5,101,101,101,
18861,101,3.5,101,101,101,
21856,101,5.0,101,101,101,
18739,101,4.0,101,101,101,
22087,101,3.5,101,101,101,
18617,101,3.5,101,101,101,
21989,101,3.0,101,101,101,
18167,101,4.0,101,101,101,
21877,101,5.0,101,101,101,
18052,101,4.0,101,101,101,
22372,101,4.0,101,101,101,
18145,101,5.0,101,101,101,
21870,101,4.0,101,101,101,
18402,101,3.5,101,101,101,
22077,101,4.0,101,101,101,
18109,101,3.5,101,101,101,
22543,101,2.0,101,101,101,
18228,101,5.0,101,101,101,
22096,101,3.0,101,101,101,
18205,101,4.0,101,101,101,
22038,101,4.0,101,101,101,
18564,101,1.0,101,101,101,
21919,101,4.5,101,101,101,
18254,101,5.0,101,101,101,
14314,101,3.0,101,101,101,
18722,101,4.0,101,101,101,
14786,101,4.0,101,101,101,
18019,101,4.0,101,101,101,
14943,101,1.5,101,101,101,
18101,101,3.0,101,101,101,
14934,101,3.5,101,101,101,
18278,101,3.0,101,101,101,
14634,101,5.0,101,101,101,
18347,101,3.5,101,101,101,
14474,101,4.0,101,101,101,
18059,101,4.0,101,101,101,
14344,101,3.0,101,101,101,
18697,101,4.5,101,101,101,
14373,101,5.0,101,101,101,
18353,101,3.5,101,101,101,
14928,101,3.5,101,101,101,
18169,101,3.0,101,101,101,
14351,101,4.0,101,101,101,
22757,101,3.0,101,101,101,
14607,101,5.0,101,101,101,
22966,101,3.0,101,101,101,
14854,101,5.0,101,101,101,
22976,101,4.0,101,101,101,
14458,101,5.0,101,101,101,
22765,101,4.0,101,101,101,
14490,101,4.0,101,101,101,
23065,101,5.0,101,101,101,
14491,101,5.0,101,101,101,
22789,101,4.0,101,101,101,
14653,101,2.5,101,101,101,
22694,101,3.5,101,101,101,
14375,101,4.0,101,101,101,
22982,101,5.0,101,101,101,
14963,101,3.5,101,101,101,
22764,101,1.5,101,101,101,
14971,101,5.0,101,101,101,
23159,101,4.0,101,101,101,
14454,101,2.5,101,101,101,
22873,101,4.0,101,101,101,
14909,101,4.0,101,101,101,
23029,101,4.0,101,101,101,
14753,101,4.0,101,101,101,
22928,101,1.0,101,101,101,
14463,101,2.0,101,101,101,
23173,101,3.0,101,101,101,
14895,101,3.5,101,101,101,
22664,101,3.5,101,101,101,
14578,101,3.5,101,101,101,
22747,101,5.0,101,101,101,
14916,101,4.0,101,101,101,
23228,101,4.0,101,101,101,
16935,101,4.0,101,101,101,
23158,101,3.0,101,101,101,
17169,101,2.0,101,101,101,
22942,101,3.0,101,101,101,
17205,101,4.5,101,101,101,
23071,101,4.0,101,101,101,
16681,101,3.0,101,101,101,
23000,101,4.0,101,101,101,
17123,101,3.0,101,101,101,
23183,101,3.0,101,101,101,
16703,101,3.5,101,101,101,
22864,101,4.0,101,101,101,
16894,101,4.0,101,101,101,
13740,101,3.5,101,101,101,
17005,101,4.0,101,101,101,
13621,101,4.0,101,101,101,
17097,101,3.5,101,101,101,
14105,101,4.5,101,101,101,
16640,101,5.0,101,101,101,
13746,101,3.5,101,101,101,
16872,101,4.0,101,101,101,
13873,101,3.0,101,101,101,
16839,101,3.0,101,101,101,
14076,101,3.0,101,101,101,
17196,101,3.0,101,101,101,
14134,101,3.5,101,101,101,
17171,101,3.0,101,101,101,
13953,101,4.0,101,101,101,
16727,101,2.0,101,101,101,
13852,101,5.0,101,101,101,
17232,101,4.5,101,101,101,
13582,101,3.5,101,101,101,
16669,101,4.0,101,101,101,
14068,101,5.0,101,101,101,
16509,101,4.0,101,101,101,
14240,101,3.5,101,101,101,
16940,101,4.5,101,101,101,
14200,101,3.0,101,101,101,
16777,101,4.0,101,101,101,
13700,101,4.0,101,101,101,
17511,101,5.0,101,101,101,
11937,101,4.0,101,101,101,
14094,101,4.0,101,101,101,
17922,101,3.0,101,101,101,
5883,101,4.0,101,101,101,
13899,101,4.0,101,101,101,
17477,101,3.5,101,101,101,
11434,101,4.5,101,101,101,
13841,101,3.5,101,101,101,
17235,101,4.0,101,101,101,
5925,101,2.5,101,101,101,
14168,101,5.0,101,101,101,
17534,101,2.0,101,101,101,
11513,101,4.0,101,101,101,
13614,101,3.5,101,101,101,
17708,101,2.5,101,101,101,
5423,101,5.0,101,101,101,
14040,101,4.0,101,101,101,
17600,101,4.0,101,101,101,
11543,101,5.0,101,101,101,
13831,101,5.0,101,101,101,
17524,101,4.0,101,101,101,
5701,101,3.0,101,101,101,
14045,101,4.0,101,101,101,
17811,101,4.0,101,101,101,
11607,101,4.5,101,101,101,
14187,101,3.0,101,101,101,
17670,101,4.0,101,101,101,
5721,101,3.0,101,101,101,
13867,101,3.0,101,101,101,
17800,101,5.0,101,101,101,
11701,101,5.0,101,101,101,
13600,101,1.0,101,101,101,
17442,101,5.0,101,101,101,
5791,101,4.0,101,101,101,
13734,101,4.0,101,101,101,
17753,101,3.0,101,101,101,
11417,101,4.0,101,101,101,
17888,101,4.0,101,101,101,
5933,101,4.5,101,101,101,
17626,101,5.0,101,101,101,
11663,101,3.0,101,101,101,
17835,101,3.5,101,101,101,
5830,101,5.0,101,101,101,
17369,101,4.0,101,101,101,
11869,101,4.0,101,101,101,
17772,101,3.0,101,101,101,
5414,101,4.0,101,101,101,
17311,101,3.0,101,101,101,
11375,101,5.0,101,101,101,
17759,101,3.5,101,101,101,
5409,101,4.0,101,101,101,
17350,101,4.5,101,101,101,
11420,101,3.5,101,101,101,
17538,101,4.0,101,101,101,
5411,101,4.0,101,101,101,
17844,101,3.0,101,101,101,
11514,101,4.0,101,101,101,
17320,101,2.5,101,101,101,
5955,101,4.5,101,101,101,
11314,101,3.0,101,101,101,
5595,101,4.0,101,101,101,
11606,101,4.0,101,101,101,
5275,101,2.0,101,101,101,
11945,101,2.0,101,101,101,
5779,101,4.0,101,101,101,
11847,101,3.5,101,101,101,
5741,101,4.0,101,101,101,
11503,101,3.5,101,101,101,
5890,101,4.5,101,101,101,
11477,101,5.0,101,101,101,
5467,101,5.0,101,101,101,
11681,101,5.0,101,101,101,
5798,101,3.0,101,101,101,
11686,101,4.5,101,101,101,
5641,101,4.0,101,101,101,
11719,101,4.0,101,101,101,
5353,101,3.5,101,101,101,
12537,101,5.0,101,101,101,
5889,101,2.0,101,101,101,
12367,101,4.0,101,101,101,
5904,101,4.0,101,101,101,
12465,101,1.0,101,101,101,
5459,101,4.0,101,101,101,
12156,101,4.0,101,101,101,
5913,101,4.0,101,101,101,
12259,101,4.5,101,101,101,
5678,101,2.0,101,101,101,
12250,101,3.5,101,101,101,
5503,101,4.0,101,101,101,
12059,101,4.0,101,101,101,
20194,101,4.0,101,101,101,
12733,101,3.0,101,101,101,
20092,101,5.0,101,101,101,
12593,101,3.5,101,101,101,
19948,101,2.0,101,101,101,
12175,101,3.0,101,101,101,
19783,101,2.5,101,101,101,
12089,101,4.0,101,101,101,
19982,101,2.5,101,101,101,
12751,101,4.0,101,101,101,
19950,101,4.5,101,101,101,
12370,101,5.0,101,101,101,
19892,101,4.5,101,101,101,
12105,101,3.5,101,101,101,
19587,101,5.0,101,101,101,
12671,101,3.0,101,101,101,
20136,101,5.0,101,101,101,
12398,101,3.5,101,101,101,
19841,101,4.0,101,101,101,
12292,101,2.0,101,101,101,
20122,101,4.0,101,101,101,
12415,101,3.0,101,101,101,
20097,101,3.0,101,101,101,
12668,101,1.0,101,101,101,
19848,101,5.0,101,101,101,
12712,101,4.0,101,101,101,
20012,101,3.5,101,101,101,
12754,101,3.0,101,101,101,
19963,101,4.0,101,101,101,
12470,101,3.0,101,101,101,
20076,101,5.0,101,101,101,
8010,101,3.0,101,101,101,
19545,101,3.0,101,101,101,
8114,101,5.0,101,101,101,
20020,101,3.0,101,101,101,
8079,101,5.0,101,101,101,
20196,101,2.5,101,101,101,
7703,101,3.5,101,101,101,
19588,101,5.0,101,101,101,
7587,101,3.5,101,101,101,
19858,101,3.0,101,101,101,
7938,101,3.5,101,101,101,
19786,101,4.0,101,101,101,
7687,101,3.0,101,101,101,
19613,101,3.0,101,101,101,
8173,101,3.0,101,101,101,
19574,101,3.5,101,101,101,
8198,101,4.0,101,101,101,
19835,101,4.5,101,101,101,
8181,101,4.5,101,101,101,
4671,101,5.0,101,101,101,
7545,101,4.5,101,101,101,
4783,101,4.0,101,101,101,
7598,101,4.0,101,101,101,
5100,101,4.0,101,101,101,
7675,101,3.0,101,101,101,
5221,101,4.0,101,101,101,
7711,101,2.0,101,101,101,
4603,101,3.0,101,101,101,
8054,101,4.0,101,101,101,
4688,101,5.0,101,101,101,
8117,101,3.5,101,101,101,
5139,101,4.0,101,101,101,
7706,101,4.0,101,101,101,
5039,101,4.0,101,101,101,
8031,101,2.0,101,101,101,
4815,101,5.0,101,101,101,
6205,101,3.0,101,101,101,
5199,101,4.0,101,101,101,
6647,101,4.0,101,101,101,
5134,101,4.0,101,101,101,
6514,101,3.0,101,101,101,
4973,101,3.5,101,101,101,
6718,101,4.0,101,101,101,
5090,101,0.5,101,101,101,
6603,101,2.0,101,101,101,
4523,101,3.0,101,101,101,
6393,101,4.0,101,101,101,
4657,101,4.5,101,101,101,
6678,101,4.0,101,101,101,
5226,101,4.0,101,101,101,
6587,101,3.0,101,101,101,
4888,101,3.0,101,101,101,
6644,101,4.5,101,101,101,
4612,101,3.0,101,101,101,
5998,101,4.0,101,101,101,
4766,101,3.0,101,101,101,
6070,101,5.0,101,101,101,
5168,101,4.5,101,101,101,
6423,101,2.0,101,101,101,
4568,101,3.0,101,101,101,
6276,101,2.0,101,101,101,
4525,101,4.0,101,101,101,
6255,101,4.0,101,101,101,
4044,101,4.5,101,101,101,
6290,101,5.0,101,101,101,
3880,101,5.0,101,101,101,
5981,101,4.0,101,101,101,
4257,101,4.0,101,101,101,
6465,101,4.0,101,101,101,
4156,101,4.0,101,101,101,
6352,101,3.5,101,101,101,
3660,101,4.0,101,101,101,
6273,101,4.0,101,101,101,
4258,101,3.5,101,101,101,
6477,101,3.5,101,101,101,
4043,101,1.0,101,101,101,
6019,101,3.0,101,101,101,
3817,101,3.5,101,101,101,
6043,101,2.0,101,101,101,
4099,101,4.0,101,101,101,
6508,101,4.0,101,101,101,
3658,101,4.0,101,101,101,
5973,101,3.0,101,101,101,
3784,101,3.5,101,101,101,
6634,101,3.0,101,101,101,
4245,101,3.0,101,101,101,
6581,101,3.0,101,101,101,
3920,101,2.0,101,101,101,
13372,101,5.0,101,101,101,
4385,101,4.0,101,101,101,
12885,101,5.0,101,101,101,
4399,101,3.0,101,101,101,
12810,101,1.0,101,101,101,
4436,101,4.0,101,101,101,
13308,101,5.0,101,101,101,
4007,101,4.0,101,101,101,
13077,101,4.0,101,101,101,
3827,101,3.0,101,101,101,
12904,101,3.5,101,101,101,
4308,101,5.0,101,101,101,
13448,101,4.0,101,101,101,
4403,101,4.0,101,101,101,
12787,101,4.0,101,101,101,
4182,101,5.0,101,101,101,
13038,101,3.0,101,101,101,
3652,101,3.0,101,101,101,
13291,101,3.5,101,101,101,
3669,101,5.0,101,101,101,
12791,101,4.0,101,101,101,
3805,101,4.0,101,101,101,
13310,101,1.0,101,101,101,
3646,101,4.0,101,101,101,
13188,101,5.0,101,101,101,
4000,101,4.0,101,101,101,
13401,101,5.0,101,101,101,
4198,101,4.5,101,101,101,
13369,101,3.5,101,101,101,
3986,101,3.0,101,101,101,
13205,101,5.0,101,101,101,
8875,101,5.0,101,101,101,
13383,101,4.0,101,101,101,
8823,101,1.0,101,101,101,
13014,101,4.0,101,101,101,
8377,101,5.0,101,101,101,
13321,101,3.5,101,101,101,
8472,101,3.0,101,101,101,
13500,101,3.0,101,101,101,
8811,101,3.0,101,101,101,
12854,101,3.0,101,101,101,
8475,101,5.0,101,101,101,
12944,101,5.0,101,101,101,
8648,101,4.0,101,101,101,
12876,101,4.0,101,101,101,
8338,101,4.0,101,101,101,
13069,101,4.0,101,101,101,
8612,101,5.0,101,101,101,
10917,101,3.5,101,101,101,
3270,101,3.0,101,101,101,
8806,101,3.0,101,101,101,
10934,101,5.0,101,101,101,
2991,101,4.5,101,101,101,
8411,101,3.0,101,101,101,
10493,101,4.0,101,101,101,
2925,101,3.0,101,101,101,
8363,101,3.0,101,101,101,
11230,101,1.0,101,101,101,
2886,101,3.0,101,101,101,
8344,101,2.0,101,101,101,
10479,101,4.0,101,101,101,
3073,101,4.0,101,101,101,
8651,101,4.0,101,101,101,
10570,101,4.5,101,101,101,
3418,101,2.0,101,101,101,
8308,101,3.5,101,101,101,
10616,101,3.0,101,101,101,
3052,101,4.0,101,101,101,
8960,101,5.0,101,101,101,
11174,101,5.0,101,101,101,
3109,101,3.0,101,101,101,
8372,101,4.0,101,101,101,
10777,101,5.0,101,101,101,
3336,101,3.5,101,101,101,
8749,101,4.0,101,101,101,
11026,101,4.0,101,101,101,
3434,101,4.5,101,101,101,
8486,101,5.0,101,101,101,
10666,101,3.0,101,101,101,
3285,101,4.0,101,101,101,
8879,101,2.0,101,101,101,
10715,101,4.0,101,101,101,
3579,101,4.5,101,101,101,
6904,101,3.0,101,101,101,
11213,101,4.0,101,101,101,
3333,101,4.0,101,101,101,
6785,101,5.0,101,101,101,
10858,101,4.0,101,101,101,
3635,101,3.5,101,101,101,
6909,101,5.0,101,101,101,
11068,101,4.0,101,101,101,
3122,101,4.0,101,101,101,
7371,101,3.0,101,101,101,
11197,101,4.0,101,101,101,
3491,101,4.0,101,101,101,
6796,101,3.0,101,101,101,
11073,101,5.0,101,101,101,
3444,101,3.0,101,101,101,
7164,101,4.0,101,101,101,
11041,101,3.0,101,101,101,
3496,101,5.0,101,101,101,
6860,101,2.5,101,101,101,
10525,101,5.0,101,101,101,
3525,101,4.5,101,101,101,
7150,101,4.0,101,101,101,
10672,101,5.0,101,101,101,
2895,101,3.5,101,101,101,
7339,101,5.0,101,101,101,
10751,101,3.0,101,101,101,
3629,101,4.0,101,101,101,
6978,101,2.0,101,101,101,
7326,101,4.0,101,101,101,
7292,101,4.0,101,101,101,
7181,101,4.0,101,101,101,
6889,101,3.5,101,101,101,
6982,101,5.0,101,101,101,
7344,101,3.5,101,101,101,
7259,101,3.0,101,101,101,
7213,101,4.0,101,101,101,
7127,101,4.0,101,101,101,
6880,101,3.0,101,101,101,
6774,101,5.0,101,101,101,
6770,101,3.0,101,101,101,
6757,101,2.5,101,101,101,
7161,101,4.0,101,101,101,
7265,101,5.0,101,101,101,
6784,101,5.0,101,101,101,
7304,101,4.5,101,101,101,
7300,101,4.0,101,101,101,
7312,101,3.0,101,101,101,
7224,101,5.0,101,101,101,
7207,101,3.0,101,101,101,
7534,101,3.0,101,101,101,
6948,101,5.0,101,101,101,
7145,101,3.0,101,101,101,
7472,101,4.5,101,101,101,
21760,101,5.0,101,101,101,
2330,101,5.0,101,101,101,
21106,101,2.5,101,101,101,
617,101,2.0,101,101,101,
21346,101,4.0,101,101,101,
2521,101,4.0,101,101,101,
21194,101,0.5,101,101,101,
672,101,2.0,101,101,101,
21736,101,4.0,101,101,101,
2858,101,3.0,101,101,101,
21272,101,3.5,101,101,101,
585,101,4.0,101,101,101,
21712,101,3.0,101,101,101,
2324,101,4.0,101,101,101,
21145,101,2.0,101,101,101,
866,101,4.0,101,101,101,
21694,101,4.0,101,101,101,
2338,101,4.0,101,101,101,
21710,101,3.0,101,101,101,
555,101,4.0,101,101,101,
21119,101,3.0,101,101,101,
2096,101,4.0,101,101,101,
21162,101,3.0,101,101,101,
925,101,4.0,101,101,101,
21089,101,3.0,101,101,101,
2574,101,3.5,101,101,101,
21429,101,4.0,101,101,101,
737,101,5.0,101,101,101,
21557,101,2.5,101,101,101,
2385,101,3.5,101,101,101,
21063,101,5.0,101,101,101,
1164,101,4.0,101,101,101,
21268,101,4.0,101,101,101,
2287,101,4.5,101,101,101,
21544,101,3.0,101,101,101,
900,101,3.0,101,101,101,
21431,101,4.0,101,101,101,
2314,101,5.0,101,101,101,
21779,101,4.0,101,101,101,
621,101,4.0,101,101,101,
21064,101,5.0,101,101,101,
2134,101,4.0,101,101,101,
21535,101,3.0,101,101,101,
618,101,4.0,101,101,101,
21550,101,4.0,101,101,101,
2305,101,3.0,101,101,101,
21324,101,3.5,101,101,101,
820,101,4.0,101,101,101,
21695,101,4.0,101,101,101,
2304,101,2.0,101,101,101,
21378,101,3.0,101,101,101,
1060,101,4.0,101,101,101,
21084,101,5.0,101,101,101,
2444,101,4.0,101,101,101,
21114,101,4.0,101,101,101,
671,101,2.0,101,101,101,
21299,101,4.0,101,101,101,
2545,101,4.0,101,101,101,
20985,101,4.0,101,101,101,
1139,101,4.0,101,101,101,
20892,101,3.5,101,101,101,
2363,101,5.0,101,101,101,
20722,101,3.0,101,101,101,
1222,101,4.0,101,101,101,
20320,101,5.0,101,101,101,
2731,101,4.0,101,101,101,
20993,101,5.0,101,101,101,
1368,101,5.0,101,101,101,
21012,101,3.0,101,101,101,
2596,101,3.0,101,101,101,
20465,101,5.0,101,101,101,
1854,101,4.0,101,101,101,
20399,101,4.0,101,101,101,
2756,101,2.0,101,101,101,
20309,101,4.0,101,101,101,
1331,101,5.0,101,101,101,
20468,101,3.0,101,101,101,
2828,101,5.0,101,101,101,
21016,101,4.5,101,101,101,
1355,101,3.5,101,101,101,
20765,101,4.0,101,101,101,
2438,101,4.0,101,101,101,
20438,101,4.0,101,101,101,
1541,101,2.5,101,101,101,
20312,101,4.0,101,101,101,
9892,101,5.0,101,101,101,
20768,101,4.5,101,101,101,
1775,101,4.0,101,101,101,
20797,101,3.0,101,101,101,
10098,101,4.5,101,101,101,
20740,101,4.0,101,101,101,
1762,101,3.0,101,101,101,
20244,101,4.5,101,101,101,
10311,101,5.0,101,101,101,
16293,101,3.0,101,101,101,
1817,101,5.0,101,101,101,
15846,101,4.0,101,101,101,
9841,101,3.0,101,101,101,
16204,101,2.5,101,101,101,
1694,101,4.0,101,101,101,
16055,101,2.0,101,101,101,
9903,101,4.0,101,101,101,
15807,101,4.0,101,101,101,
1557,101,4.5,101,101,101,
16359,101,4.5,101,101,101,
10418,101,3.0,101,101,101,
15903,101,4.0,101,101,101,
1289,101,4.0,101,101,101,
16473,101,3.0,101,101,101,
10073,101,5.0,101,101,101,
16012,101,3.5,101,101,101,
1408,101,5.0,101,101,101,
16133,101,3.0,101,101,101,
9843,101,3.0,101,101,101,
15826,101,2.5,101,101,101,
1819,101,4.0,101,101,101,
16004,101,4.5,101,101,101,
9820,101,5.0,101,101,101,
16063,101,2.0,101,101,101,
1805,101,4.5,101,101,101,
16468,101,4.0,101,101,101,
9971,101,4.0,101,101,101,
16253,101,5.0,101,101,101,
1377,101,4.0,101,101,101,
16357,101,4.0,101,101,101,
10433,101,3.0,101,101,101,
15874,101,4.0,101,101,101,
1624,101,5.0,101,101,101,
16334,101,4.0,101,101,101,
10305,101,5.0,101,101,101,
16480,101,4.0,101,101,101,
1435,101,3.5,101,101,101,
16355,101,3.0,101,101,101,
9872,101,5.0,101,101,101,
16053,101,1.0,101,101,101,
1860,101,3.0,101,101,101,
16050,101,3.0,101,101,101,
10282,101,5.0,101,101,101,
16418,101,4.0,101,101,101,
2028,101,5.0,101,101,101,
16330,101,3.5,101,101,101,
9874,101,3.0,101,101,101,
16105,101,3.0,101,101,101,
1288,101,5.0,101,101,101,
16458,101,3.0,101,101,101,
10245,101,4.0,101,101,101,
15993,101,3.0,101,101,101,
1488,101,4.0,101,101,101,
15921,101,4.0,101,101,101,
10127,101,3.0,101,101,101,
16146,101,4.0,101,101,101,
9517,101,5.0,101,101,101,
14995,101,4.0,101,101,101,
10146,101,3.0,101,101,101,
15654,101,3.0,101,101,101,
9428,101,4.0,101,101,101,
15605,101,4.0,101,101,101,
10144,101,3.0,101,101,101,
14992,101,4.5,101,101,101,
9180,101,4.0,101,101,101,
15263,101,4.0,101,101,101,
9809,101,2.0,101,101,101,
15508,101,3.0,101,101,101,
9124,101,4.0,101,101,101,
15043,101,5.0,101,101,101,
351,101,4.5,101,101,101,
15549,101,2.0,101,101,101,
9197,101,5.0,101,101,101,
15048,101,4.5,101,101,101,
356,101,3.0,101,101,101,
15283,101,4.0,101,101,101,
9139,101,2.5,101,101,101,
15425,101,3.5,101,101,101,
368,101,4.0,101,101,101,
15727,101,5.0,101,101,101,
9474,101,3.0,101,101,101,
15409,101,4.0,101,101,101,
230,101,5.0,101,101,101,
15434,101,4.0,101,101,101,
9103,101,3.0,101,101,101,
15224,101,4.0,101,101,101,
249,101,4.5,101,101,101,
15310,101,3.5,101,101,101,
9008,101,1.0,101,101,101,
15344,101,4.5,101,101,101,
465,101,4.5,101,101,101,
15208,101,3.5,101,101,101,
9330,101,4.0,101,101,101,
19111,101,4.0,101,101,101,
276,101,3.5,101,101,101,
18727,101,2.5,101,101,101,
9329,101,4.0,101,101,101,
19291,101,4.5,101,101,101,
487,101,5.0,101,101,101,
19050,101,3.5,101,101,101,
9335,101,4.0,101,101,101,
19077,101,3.0,101,101,101,
499,101,3.0,101,101,101,
18733,101,3.0,101,101,101,
9373,101,4.0,101,101,101,
19061,101,2.0,101,101,101,
198,101,4.0,101,101,101,
18818,101,3.0,101,101,101,
9614,101,2.0,101,101,101,
19373,101,4.0,101,101,101,
73,101,4.0,101,101,101,
19280,101,5.0,101,101,101,
9572,101,5.0,101,101,101,
18837,101,4.0,101,101,101,
314,101,2.0,101,101,101,
18981,101,2.0,101,101,101,
9657,101,3.5,101,101,101,
18986,101,3.0,101,101,101,
7,101,4.5,101,101,101,
19091,101,3.0,101,101,101,
9253,101,4.0,101,101,101,
19394,101,3.0,101,101,101,
78,101,4.5,101,101,101,
19155,101,5.0,101,101,101,
9079,101,4.0,101,101,101,
19135,101,3.0,101,101,101,
9443,101,5.0,101,101,101,
19379,101,3.0,101,101,101,
9469,101,3.5,101,101,101,
19284,101,4.5,101,101,101,
9554,101,2.0,101,101,101,
19309,101,3.0,101,101,101,
22402,101,3.5,101,101,101,
18988,101,3.0,101,101,101,
22590,101,4.0,101,101,101,
18810,101,4.0,101,101,101,
21896,101,5.0,101,101,101,
19014,101,3.5,101,101,101,
21865,101,2.5,101,101,101,
18873,101,4.0,101,101,101,
22449,101,4.5,101,101,101,
18973,101,3.5,101,101,101,
21970,101,4.0,101,101,101,
18870,101,4.0,101,101,101,
21914,101,4.5,101,101,101,
18861,101,3.5,101,101,101,
21856,101,5.0,101,101,101,
18739,101,4.0,101,101,101,
22087,101,3.5,101,101,101,
18617,101,3.5,101,101,101,
21989,101,3.0,101,101,101,
18167,101,4.0,101,101,101,
21877,101,5.0,101,101,101,
18052,101,4.0,101,101,101,
22372,101,4.0,101,101,101,
18145,101,5.0,101,101,101,
21870,101,4.0,101,101,101,
18402,101,3.5,101,101,101,
22077,101,4.0,101,101,101,
18109,101,3.5,101,101,101,
22543,101,2.0,101,101,101,
18228,101,5.0,101,101,101,
22096,101,3.0,101,101,101,
18205,101,4.0,101,101,101,
22038,101,4.0,101,101,101,
18564,101,1.0,101,101,101,
21919,101,4.5,101,101,101,
18254,101,5.0,101,101,101,
14314,101,3.0,101,101,101,
18722,101,4.0,101,101,101,
14786,101,4.0,101,101,101,
18019,101,4.0,101,101,101,
14943,101,1.5,101,101,101,
18101,101,3.0,101,101,101,
14934,101,3.5,101,101,101,
18278,101,3.0,101,101,101,
14634,101,5.0,101,101,101,
18347,101,3.5,101,101,101,
14474,101,4.0,101,101,101,
18059,101,4.0,101,101,101,
14344,101,3.0,101,101,101,
18697,101,4.5,101,101,101,
14373,101,5.0,101,101,101,
18353,101,3.5,101,101,101,
14928,101,3.5,101,101,101,
18169,101,3.0,101,101,101,
14351,101,4.0,101,101,101,
22757,101,3.0,101,101,101,
14607,101,5.0,101,101,101,
22966,101,3.0,101,101,101,
14854,101,5.0,101,101,101,
22976,101,4.0,101,101,101,
14458,101,5.0,101,101,101,
22765,101,4.0,101,101,101,
14490,101,4.0,101,101,101,
23065,101,5.0,101,101,101,
14491,101,5.0,101,101,101,
22789,101,4.0,101,101,101,
14653,101,2.5,101,101,101,
22694,101,3.5,101,101,101,
14375,101,4.0,101,101,101,
22982,101,5.0,101,101,101,
14963,101,3.5,101,101,101,
22764,101,1.5,101,101,101,
14971,101,5.0,101,101,101,
23159,101,4.0,101,101,101,
14454,101,2.5,101,101,101,
22873,101,4.0,101,101,101,
14909,101,4.0,101,101,101,
23029,101,4.0,101,101,101,
14753,101,4.0,101,101,101,
22928,101,1.0,101,101,101,
14463,101,2.0,101,101,101,
23173,101,3.0,101,101,101,
14895,101,3.5,101,101,101,
22664,101,3.5,101,101,101,
14578,101,3.5,101,101,101,
22747,101,5.0,101,101,101,
14916,101,4.0,101,101,101,
23228,101,4.0,101,101,101,
16935,101,4.0,101,101,101,
23158,101,3.0,101,101,101,
17169,101,2.0,101,101,101,
22942,101,3.0,101,101,101,
17205,101,4.5,101,101,101,
23071,101,4.0,101,101,101,
16681,101,3.0,101,101,101,
23000,101,4.0,101,101,101,
17123,101,3.0,101,101,101,
23183,101,3.0,101,101,101,
16703,101,3.5,101,101,101,
22864,101,4.0,101,101,101,
16894,101,4.0,101,101,101,
13740,101,3.5,101,101,101,
17005,101,4.0,101,101,101,
13621,101,4.0,101,101,101,
17097,101,3.5,101,101,101,
14105,101,4.5,101,101,101,
16640,101,5.0,101,101,101,
13746,101,3.5,101,101,101,
16872,101,4.0,101,101,101,
13873,101,3.0,101,101,101,
16839,101,3.0,101,101,101,
14076,101,3.0,101,101,101,
17196,101,3.0,101,101,101,
14134,101,3.5,101,101,101,
17171,101,3.0,101,101,101,
13953,101,4.0,101,101,101,
16727,101,2.0,101,101,101,
13852,101,5.0,101,101,101,
17232,101,4.5,101,101,101,
13582,101,3.5,101,101,101,
16669,101,4.0,101,101,101,
14068,101,5.0,101,101,101,
16509,101,4.0,101,101,101,
14240,101,3.5,101,101,101,
16940,101,4.5,101,101,101,
14200,101,3.0,101,101,101,
16777,101,4.0,101,101,101,
13700,101,4.0,101,101,101,
17511,101,5.0,101,101,101,
11937,101,4.0,101,101,101,
14094,101,4.0,101,101,101,
17922,101,3.0,101,101,101,
5883,101,4.0,101,101,101,
13899,101,4.0,101,101,101,
17477,101,3.5,101,101,101,
11434,101,4.5,101,101,101,
13841,101,3.5,101,101,101,
17235,101,4.0,101,101,101,
5925,101,2.5,101,101,101,
14168,101,5.0,101,101,101,
17534,101,2.0,101,101,101,
11513,101,4.0,101,101,101,
13614,101,3.5,101,101,101,
17708,101,2.5,101,101,101,
5423,101,5.0,101,101,101,
14040,101,4.0,101,101,101,
17600,101,4.0,101,101,101,
11543,101,5.0,101,101,101,
13831,101,5.0,101,101,101,
17524,101,4.0,101,101,101,
5701,101,3.0,101,101,101,
14045,101,4.0,101,101,101,
17811,101,4.0,101,101,101,
11607,101,4.5,101,101,101,
14187,101,3.0,101,101,101,
17670,101,4.0,101,101,101,
5721,101,3.0,101,101,101,
13867,101,3.0,101,101,101,
17800,101,5.0,101,101,101,
11701,101,5.0,101,101,101,
13600,101,1.0,101,101,101,
17442,101,5.0,101,101,101,
5791,101,4.0,101,101,101,
13734,101,4.0,101,101,101,
17753,101,3.0,101,101,101,
11417,101,4.0,101,101,101,
17888,101,4.0,101,101,101,
5933,101,4.5,101,101,101,
17626,101,5.0,101,101,101,
11663,101,3.0,101,101,101,
17835,101,3.5,101,101,101,
5830,101,5.0,101,101,101,
17369,101,4.0,101,101,101,
11869,101,4.0,101,101,101,
17772,101,3.0,101,101,101,
5414,101,4.0,101,101,101,
17311,101,3.0,101,101,101,
11375,101,5.0,101,101,101,
17759,101,3.5,101,101,101,
5409,101,4.0,101,101,101,
17350,101,4.5,101,101,101,
11420,101,3.5,101,101,101,
17538,101,4.0,101,101,101,
5411,101,4.0,101,101,101,
17844,101,3.0,101,101,101,
11514,101,4.0,101,101,101,
17320,101,2.5,101,101,101,
5955,101,4.5,101,101,101,
11314,101,3.0,101,101,101,
5595,101,4.0,101,101,101,
11606,101,4.0,101,101,101,
5275,101,2.0,101,101,101,
11945,101,2.0,101,101,101,
5779,101,4.0,101,101,101,
11847,101,3.5,101,101,101,
5741,101,4.0,101,101,101,
11503,101,3.5,101,101,101,
5890,101,4.5,101,101,101,
11477,101,5.0,101,101,101,
5467,101,5.0,101,101,101,
11681,101,5.0,101,101,101,
5798,101,3.0,101,101,101,
11686,101,4.5,101,101,101,
5641,101,4.0,101,101,101,
11719,101,4.0,101,101,101,
5353,101,3.5,101,101,101,
12537,101,5.0,101,101,101,
5889,101,2.0,101,101,101,
12367,101,4.0,101,101,101,
5904,101,4.0,101,101,101,
12465,101,1.0,101,101,101,
5459,101,4.0,101,101,101,
12156,101,4.0,101,101,101,
5913,101,4.0,101,101,101,
12259,101,4.5,101,101,101,
5678,101,2.0,101,101,101,
12250,101,3.5,101,101,101,
5503,101,4.0,101,101,101,
12059,101,4.0,101,101,101,
20194,101,4.0,101,101,101,
12733,101,3.0,101,101,101,
20092,101,5.0,101,101,101,
12593,101,3.5,101,101,101,
19948,101,2.0,101,101,101,
12175,101,3.0,101,101,101,
19783,101,2.5,101,101,101,
12089,101,4.0,101,101,101,
19982,101,2.5,101,101,101,
12751,101,4.0,101,101,101,
19950,101,4.5,101,101,101,
12370,101,5.0,101,101,101,
19892,101,4.5,101,101,101,
12105,101,3.5,101,101,101,
19587,101,5.0,101,101,101,
12671,101,3.0,101,101,101,
20136,101,5.0,101,101,101,
12398,101,3.5,101,101,101,
19841,101,4.0,101,101,101,
12292,101,2.0,101,101,101,
20122,101,4.0,101,101,101,
12415,101,3.0,101,101,101,
20097,101,3.0,101,101,101,
12668,101,1.0,101,101,101,
19848,101,5.0,101,101,101,
12712,101,4.0,101,101,101,
20012,101,3.5,101,101,101,
12754,101,3.0,101,101,101,
19963,101,4.0,101,101,101,
12470,101,3.0,101,101,101,
20076,101,5.0,101,101,101,
8010,101,3.0,101,101,101,
19545,101,3.0,101,101,101,
8114,101,5.0,101,101,101,
20020,101,3.0,101,101,101,
8079,101,5.0,101,101,101,
20196,101,2.5,101,101,101,
7703,101,3.5,101,101,101,
19588,101,5.0,101,101,101,
7587,101,3.5,101,101,101,
19858,101,3.0,101,101,101,
7938,101,3.5,101,101,101,
19786,101,4.0,101,101,101,
7687,101,3.0,101,101,101,
19613,101,3.0,101,101,101,
8173,101,3.0,101,101,101,
19574,101,3.5,101,101,101,
8198,101,4.0,101,101,101,
19835,101,4.5,101,101,101,
8181,101,4.5,101,101,101,
4671,101,5.0,101,101,101,
7545,101,4.5,101,101,101,
4783,101,4.0,101,101,101,
7598,101,4.0,101,101,101,
5100,101,4.0,101,101,101,
7675,101,3.0,101,101,101,
5221,101,4.0,101,101,101,
7711,101,2.0,101,101,101,
4603,101,3.0,101,101,101,
8054,101,4.0,101,101,101,
4688,101,5.0,101,101,101,
8117,101,3.5,101,101,101,
5139,101,4.0,101,101,101,
7706,101,4.0,101,101,101,
5039,101,4.0,101,101,101,
8031,101,2.0,101,101,101,
4815,101,5.0,101,101,101,
6205,101,3.0,101,101,101,
5199,101,4.0,101,101,101,
6647,101,4.0,101,101,101,
5134,101,4.0,101,101,101,
6514,101,3.0,101,101,101,
4973,101,3.5,101,101,101,
6718,101,4.0,101,101,101,
5090,101,0.5,101,101,101,
6603,101,2.0,101,101,101,
4523,101,3.0,101,101,101,
6393,101,4.0,101,101,101,
4657,101,4.5,101,101,101,
6678,101,4.0,101,101,101,
5226,101,4.0,101,101,101,
6587,101,3.0,101,101,101,
4888,101,3.0,101,101,101,
6644,101,4.5,101,101,101,
4612,101,3.0,101,101,101,
5998,101,4.0,101,101,101,
4766,101,3.0,101,101,101,
6070,101,5.0,101,101,101,
5168,101,4.5,101,101,101,
6423,101,2.0,101,101,101,
4568,101,3.0,101,101,101,
6276,101,2.0,101,101,101,
4525,101,4.0,101,101,101,
6255,101,4.0,101,101,101,
4044,101,4.5,101,101,101,
6290,101,5.0,101,101,101,
3880,101,5.0,101,101,101,
5981,101,4.0,101,101,101,
4257,101,4.0,101,101,101,
6465,101,4.0,101,101,101,
4156,101,4.0,101,101,101,
6352,101,3.5,101,101,101,
3660,101,4.0,101,101,101,
6273,101,4.0,101,101,101,
4258,101,3.5,101,101,101,
6477,101,3.5,101,101,101,
4043,101,1.0,101,101,101,
6019,101,3.0,101,101,101,
3817,101,3.5,101,101,101,
6043,101,2.0,101,101,101,
4099,101,4.0,101,101,101,
6508,101,4.0,101,101,101,
3658,101,4.0,101,101,101,
5973,101,3.0,101,101,101,
3784,101,3.5,101,101,101,
6634,101,3.0,101,101,101,
4245,101,3.0,101,101,101,
6581,101,3.0,101,101,101,
3920,101,2.0,101,101,101,
13372,101,5.0,101,101,101,
4385,101,4.0,101,101,101,
12885,101,5.0,101,101,101,
4399,101,3.0,101,101,101,
12810,101,1.0,101,101,101,
4436,101,4.0,101,101,101,
13308,101,5.0,101,101,101,
4007,101,4.0,101,101,101,
13077,101,4.0,101,101,101,
3827,101,3.0,101,101,101,
12904,101,3.5,101,101,101,
4308,101,5.0,101,101,101,
13448,101,4.0,101,101,101,
4403,101,4.0,101,101,101,
12787,101,4.0,101,101,101,
4182,101,5.0,101,101,101,
13038,101,3.0,101,101,101,
3652,101,3.0,101,101,101,
13291,101,3.5,101,101,101,
3669,101,5.0,101,101,101,
12791,101,4.0,101,101,101,
3805,101,4.0,101,101,101,
13310,101,1.0,101,101,101,
3646,101,4.0,101,101,101,
13188,101,5.0,101,101,101,
4000,101,4.0,101,101,101,
13401,101,5.0,101,101,101,
4198,101,4.5,101,101,101,
13369,101,3.5,101,101,101,
3986,101,3.0,101,101,101,
13205,101,5.0,101,101,101,
8875,101,5.0,101,101,101,
13383,101,4.0,101,101,101,
8823,101,1.0,101,101,101,
13014,101,4.0,101,101,101,
8377,101,5.0,101,101,101,
13321,101,3.5,101,101,101,
8472,101,3.0,101,101,101,
13500,101,3.0,101,101,101,
8811,101,3.0,101,101,101,
12854,101,3.0,101,101,101,
8475,101,5.0,101,101,101,
12944,101,5.0,101,101,101,
8648,101,4.0,101,101,101,
12876,101,4.0,101,101,101,
8338,101,4.0,101,101,101,
13069,101,4.0,101,101,101,
8612,101,5.0,101,101,101,
10917,101,3.5,101,101,101,
3270,101,3.0,101,101,101,
8806,101,3.0,101,101,101,
10934,101,5.0,101,101,101,
2991,101,4.5,101,101,101,
8411,101,3.0,101,101,101,
10493,101,4.0,101,101,101,
2925,101,3.0,101,101,101,
8363,101,3.0,101,101,101,
11230,101,1.0,101,101,101,
2886,101,3.0,101,101,101,
8344,101,2.0,101,101,101,
10479,101,4.0,101,101,101,
3073,101,4.0,101,101,101,
8651,101,4.0,101,101,101,
10570,101,4.5,101,101,101,
3418,101,2.0,101,101,101,
8308,101,3.5,101,101,101,
10616,101,3.0,101,101,101,
3052,101,4.0,101,101,101,
8960,101,5.0,101,101,101,
11174,101,5.0,101,101,101,
3109,101,3.0,101,101,101,
8372,101,4.0,101,101,101,
10777,101,5.0,101,101,101,
3336,101,3.5,101,101,101,
8749,101,4.0,101,101,101,
11026,101,4.0,101,101,101,
3434,101,4.5,101,101,101,
8486,101,5.0,101,101,101,
10666,101,3.0,101,101,101,
3285,101,4.0,101,101,101,
8879,101,2.0,101,101,101,
10715,101,4.0,101,101,101,
3579,101,4.5,101,101,101,
6904,101,3.0,101,101,101,
11213,101,4.0,101,101,101,
3333,101,4.0,101,101,101,
6785,101,5.0,101,101,101,
10858,101,4.0,101,101,101,
3635,101,3.5,101,101,101,
6909,101,5.0,101,101,101,
11068,101,4.0,101,101,101,
3122,101,4.0,101,101,101,
7371,101,3.0,101,101,101,
11197,101,4.0,101,101,101,
3491,101,4.0,101,101,101,
6796,101,3.0,101,101,101,
11073,101,5.0,101,101,101,
3444,101,3.0,101,101,101,
7164,101,4.0,101,101,101,
11041,101,3.0,101,101,101,
3496,101,5.0,101,101,101,
6860,101,2.5,101,101,101,
10525,101,5.0,101,101,101,
3525,101,4.5,101,101,101,
7150,101,4.0,101,101,101,
10672,101,5.0,101,101,101,
2895,101,3.5,101,101,101,
7339,101,5.0,101,101,101,
10751,101,3.0,101,101,101,
3629,101,4.0,101,101,101,
6978,101,2.0,101,101,101,
7326,101,4.0,101,101,101,
7292,101,4.0,101,101,101,
7181,101,4.0,101,101,101,
6889,101,3.5,101,101,101,
6982,101,5.0,101,101,101,
7344,101,3.5,101,101,101,
7259,101,3.0,101,101,101,
7213,101,4.0,101,101,101,
7127,101,4.0,101,101,101,
6880,101,3.0,101,101,101,
6774,101,5.0,101,101,101,
6770,101,3.0,101,101,101,
6757,101,2.5,101,101,101,
7161,101,4.0,101,101,101,
7265,101,5.0,101,101,101,
6784,101,5.0,101,101,101,
7304,101,4.5,101,101,101,
7300,101,4.0,101,101,101,
7312,101,3.0,101,101,101,
7224,101,5.0,101,101,101,
7207,101,3.0,101,101,101,
7534,101,3.0,101,101,101,
6948,101,5.0,101,101,101,
7145,101,3.0,101,101,101,
7472,101,4.5,101,101,101,
